pC1992 pC0000 pW0000 pS2005 pS2018 pS2021 cp
0.854166666666667 0.795081967213115 0.811881188118812 0.934210526315789 0.807692307692308 0.77 Contig104_63408
0.38 0.330645161290323 0.205882352941176 0.526315789473684 0.423076923076923 0.450980392156863 Contig104_65970
0.804347826086957 0.729166666666667 0.596774193548387 0.810810810810811 0.882352941176471 0.768292682926829 Contig107_106346
0.0952380952380952 0.0512820512820513 0.106382978723404 0 0.0294117647058824 0.0227272727272727 Contig113_58331
0.375 0.409836065573771 0.0940594059405941 0.302631578947368 0.173076923076923 0.13265306122449 Contig207_2594
0.0952380952380952 0.13716814159292 0.223958333333333 0.25 0.21875 0.25 Contig315_106358
0.2 0.204 0.240384615384615 0.236842105263158 0.307692307692308 0.313725490196078 Contig381_6522
0.458333333333333 0.483471074380165 0.44 0.289473684210526 0.259615384615385 0.313725490196078 Contig418_86734
0.1 0.142857142857143 0.13 0.421052631578947 0.384615384615385 0.333333333333333 Contig441_107025
0.02 0.0158730158730159 0.0679611650485437 0.236842105263158 0.163461538461538 0.186274509803922 Contig508_48212
0.270833333333333 0.247899159663866 0.21195652173913 0.355263157894737 0.362745098039216 0.378378378378378 Contig577_243783
0.409090909090909 0.443478260869565 0.280898876404494 0.310810810810811 0.144230769230769 0.0638297872340425 Contig594_73160
0.25 0.147540983606557 0.255 0.0921052631578947 0.147058823529412 0.197916666666667 Contig743_25977
0.25 0.229508196721311 0.244897959183673 0.381578947368421 0.317307692307692 0.393617021276596 Contig808_45928
0.0434782608695652 0.0619834710743802 0.0520833333333333 0 0 0 Contig1069_129968
0.08 0.0950413223140496 0.095959595959596 0.236842105263158 0.166666666666667 0.15625 Contig1073_86733
0.270833333333333 0.270491803278689 0.782828282828283 0.472972972972973 0.46078431372549 0.571428571428571 Contig1114_5001
0.0208333333333333 0.0614754098360656 0.0101010101010101 0.0394736842105263 0.0576923076923077 0.09375 Contig1185_32514
0.3 0.334677419354839 0.435643564356436 0.394736842105263 0.375 0.291666666666667 Contig1754_34858
0.58 0.560483870967742 0.495049504950495 0.289473684210526 0.355769230769231 0.411764705882353 Contig1808_64936
0 0.02 0.01 0 0.00961538461538462 0.0102040816326531 Contig1822_74629
0.145833333333333 0.2 0.215686274509804 0.0789473684210526 0.153846153846154 0.137254901960784 Contig2087_27664
0.0625 0.0833333333333333 0.106382978723404 0.0263157894736842 0.0490196078431373 0.0113636363636364 Contig2094_128306
0.270833333333333 0.394308943089431 0.671717171717172 0.5 0.637254901960784 0.64 Contig2357_107294
0.25 0.201754385964912 0.06 0.296875 0.244897959183673 0.179487179487179 Contig2673_6032
0.06 0.046875 0.183168316831683 0.407894736842105 0.182692307692308 0.294117647058824 Contig2697_108147
0.0416666666666667 0.0371900826446281 0.0520833333333333 0.171428571428571 0.0714285714285714 0.108695652173913 Contig2822_10797
0.166666666666667 0.118852459016393 0.145 0.243243243243243 0.163461538461538 0.137254901960784 Contig2822_17429
0.26 0.257936507936508 0.267326732673267 0.355263157894737 0.451923076923077 0.450980392156863 Contig2848_19073
0.2 0.146341463414634 0.0742574257425743 0 0 0.02 Contig2926_52759
0.0625 0.0737704918032787 0.0306122448979592 0.0921052631578947 0.0490196078431373 0.03125 Contig3222_64356
0.18 0.178571428571429 0.0825242718446602 0.105263157894737 0.0673076923076923 0.0784313725490196 Contig3229_71802
0.104166666666667 0.120967741935484 0.308823529411765 0.131578947368421 0.240384615384615 0.24 Contig3229_97688
0.36 0.332 0.133663366336634 0.421052631578947 0.432692307692308 0.326530612244898 Contig3562_74841
0.94 0.905737704918033 0.969072164948454 1 0.990384615384615 1 Contig3632_52837
0.94 0.92741935483871 0.916666666666667 0.934210526315789 0.875 0.941176470588235 Contig3667_70256
0.479166666666667 0.417355371900826 0.224489795918367 0.0263157894736842 0.0384615384615385 0.0957446808510638 Contig3754_57873
0.3125 0.282786885245902 0.102040816326531 0.0921052631578947 0.0865384615384615 0.1 Contig3781_44387
0.145833333333333 0.122950819672131 0.135416666666667 0.105263157894737 0.0686274509803922 0.0652173913043478 Contig3836_58788
0 0.0299145299145299 0.186746987951807 0.0526315789473684 0.0294117647058824 0.0104166666666667 Contig3873_30213
0.08 0.0846774193548387 0.236559139784946 0.118421052631579 0.0769230769230769 0.0729166666666667 Contig3873_45822
0.36 0.508064516129032 0.495049504950495 0.565789473684211 0.519230769230769 0.530612244897959 Contig4014_17676
0.1875 0.176470588235294 0.237113402061856 0.184210526315789 0.147058823529412 0.106382978723404 Contig4014_67692
0.318181818181818 0.264957264957265 0.170212765957447 0.407894736842105 0.387755102040816 0.282051282051282 Contig4238_5890
0.5 0.597560975609756 0.42 0.710526315789474 0.8 0.73469387755102 Contig4420_53135
0.16 0.186507936507937 0.558252427184466 0.0789473684210526 0.105769230769231 0.127450980392157 Contig4528_59090
0.04 0.0403225806451613 0.0969387755102041 0.0131578947368421 0.0865384615384615 0.0408163265306122 Contig4571_93636
0.02 0.0121951219512195 0.025 0 0.0288461538461538 0.0294117647058824 Contig4826_33331
0.08 0.128 0.196078431372549 0 0 0.01 Contig4877_46027
0.62 0.739837398373984 0.448979591836735 0.565789473684211 0.5 0.579545454545455 Contig4995_16742
0.0416666666666667 0.0517241379310345 0.0315789473684211 0.0882352941176471 0.163265306122449 0.173913043478261 Contig5280_74141
0.2 0.246031746031746 0.514423076923077 0.486842105263158 0.451923076923077 0.509803921568627 Contig5373_52197
0.12 0.1953125 0.223300970873786 0.289473684210526 0.278846153846154 0.284313725490196 Contig5607_118611
0.369565217391304 0.285123966942149 0.43 0.197368421052632 0.278846153846154 0.33695652173913 Contig5673_46496
0.395833333333333 0.430327868852459 0.484210526315789 0.381578947368421 0.352941176470588 0.290697674418605 Contig6149_34224
0.1875 0.204 0.225490196078431 0.0921052631578947 0.0673076923076923 0.0490196078431373 Contig6153_12545
0.0833333333333333 0.0443548387096774 0.168316831683168 0 0 0 Contig6300_43560
0.666666666666667 0.672131147540984 0.686274509803922 0.802631578947368 0.721153846153846 0.715686274509804 Contig6305_34818
0.94 0.935483870967742 0.859223300970874 1 0.913461538461538 0.92 Contig6309_26570
0.565217391304348 0.51271186440678 0.55050505050505 0.671052631578947 0.598039215686274 0.545454545454545 Contig6449_73249
0.708333333333333 0.672 0.663366336633663 0.776315789473684 0.692307692307692 0.705882352941177 Contig6506_20491
0.66 0.689516129032258 0.806930693069307 0.776315789473684 0.701923076923077 0.705882352941177 Contig6581_2087
0.06 0.064 0.0833333333333333 0.0131578947368421 0 0 Contig6638_2279
0.291666666666667 0.389380530973451 0.573684210526316 0.513157894736842 0.745098039215686 0.647727272727273 Contig6939_55537
0.708333333333333 0.692622950819672 0.75 0.592105263157895 0.764705882352941 0.755555555555556 Contig6996_56740
0.68 0.746031746031746 0.96078431372549 0.815789473684211 0.817307692307692 0.798076923076923 Contig7072_58643
0.26 0.209016393442623 0.190721649484536 0.148648648648649 0.0769230769230769 0.13265306122449 Contig7247_52306
0.347826086956522 0.298319327731092 0.270114942528736 0.236842105263158 0.255102040816327 0.321428571428571 Contig7642_16173
0.54 0.479674796747967 0.125 0.276315789473684 0.25 0.24468085106383 Contig7659_7740
0.06 0.0887096774193548 0.205 0 0 0 Contig8469_1522
0.0208333333333333 0.0365853658536585 0.0555555555555556 0.0263157894736842 0.0882352941176471 0.0612244897959184 Contig8476_99991
0.1875 0.176229508196721 0.107843137254902 0.197368421052632 0.288461538461538 0.28 Contig9060_64170
0.68 0.653225806451613 0.589108910891089 0.72972972972973 0.653846153846154 0.71875 Contig9095_42510
0.5 0.366935483870968 0.153061224489796 0.157894736842105 0.147058823529412 0.173913043478261 Contig9142_32133
0.416666666666667 0.326612903225806 0.494252873563218 0.405405405405405 0.541666666666667 0.473684210526316 Contig9268_13492
0.0625 0.0819672131147541 0.113861386138614 0.157894736842105 0.153846153846154 0.224489795918367 Contig9368_25756
0.06 0.0772357723577236 0.0882352941176471 0.0789473684210526 0.137254901960784 0.223404255319149 Contig9511_11489
0.18 0.2 0.045 0.342105263157895 0.336538461538462 0.205882352941176 Contig9547_5822
0 0 0.0980392156862745 0 0 0 Contig10111_22904
0.613636363636364 0.628205128205128 0.401098901098901 0.421052631578947 0.295918367346939 0.329268292682927 Contig10222_20949
0.166666666666667 0.129032258064516 0.237623762376238 0.184210526315789 0.201923076923077 0.145833333333333 Contig10309_16331
0.1 0.0609756097560976 0 0.0263157894736842 0 0 Contig10585_36796
0 0.024 0.108247422680412 0.0263157894736842 0.0480769230769231 0.02 Contig19560_3690
0.38 0.415322580645161 0.325 0.394736842105263 0.403846153846154 0.346938775510204 Contig29443_1620
0.145833333333333 0.206611570247934 0.435483870967742 0.351351351351351 0.274509803921569 0.282608695652174 Contig30104_2258
0.270833333333333 0.252066115702479 0.168316831683168 0.223684210526316 0.336538461538462 0.25 Contig38040_105928
0.630434782608696 0.625 0.450549450549451 0.578947368421053 0.53921568627451 0.565217391304348 Contig38161_6468
0.28 0.221774193548387 0.025 0.210526315789474 0.0865384615384615 0.148936170212766 Contig38227_21557
0.208333333333333 0.194214876033058 0.329787234042553 0.0921052631578947 0.19 0.329545454545455 Contig38412_8366
0.12 0.130952380952381 0.0196078431372549 0.0526315789473684 0.0192307692307692 0.04 Contig38509_42610
0.1875 0.119834710743802 0.10989010989011 0.210526315789474 0.245098039215686 0.333333333333333 Contig38673_6222
0.26 0.258196721311475 0.229591836734694 0.236842105263158 0.225490196078431 0.166666666666667 Contig38716_3848
0.104166666666667 0.101626016260163 0.196078431372549 0.0526315789473684 0.0576923076923077 0.0686274509803922 Contig38960_46750
0.520833333333333 0.52 0.514563106796116 0.197368421052632 0.269230769230769 0.264705882352941 Contig39027_106240
0.229166666666667 0.170731707317073 0.361386138613861 0.578947368421053 0.384615384615385 0.401960784313726 Contig39174_46724
0.02 0.040650406504065 0 0 0 0 Contig39220_14193
0.16 0.2109375 0.0931372549019608 0.144736842105263 0.0961538461538462 0.04 Contig39234_20989
0.08 0.133064516129032 0.415 0.236842105263158 0.25 0.16 Contig39306_111698
0.0833333333333333 0.0860655737704918 0.0297029702970297 0.368421052631579 0.25 0.21 Contig39398_39450
0.8125 0.706349206349206 0.878640776699029 0.881578947368421 0.788461538461538 0.715686274509804 Contig39415_83735
0.16 0.19921875 0.5 0.0921052631578947 0.221153846153846 0.204081632653061 Contig39471_47143
0.68 0.694214876033058 0.776595744680851 0.776315789473684 0.764705882352941 0.728260869565217 Contig39521_17262
0.0869565217391304 0.0966386554621849 0.0454545454545455 0.118421052631579 0.0769230769230769 0.0888888888888889 Contig39524_28186
0.14 0.125 0.0196078431372549 0.0921052631578947 0.21 0.173913043478261 Contig39630_19678
0.3125 0.369918699186992 0.553921568627451 0.605263157894737 0.5 0.480392156862745 Contig39666_107830
0.18 0.124 0.155339805825243 0.210526315789474 0.144230769230769 0.142857142857143 Contig39753_331540
0.270833333333333 0.274590163934426 0.0841584158415842 0.223684210526316 0.211538461538462 0.15625 Contig39809_11978
0.68 0.664 0.851485148514851 0.526315789473684 0.644230769230769 0.480392156862745 Contig39906_10811
0.9375 0.911290322580645 0.859223300970874 0.842105263157895 0.855769230769231 0.823529411764706 Contig39949_13166
0.3 0.232 0.15 0.148648648648649 0.163461538461538 0.0729166666666667 Contig39995_72092
0.270833333333333 0.349593495934959 0.234375 0.144736842105263 0.303921568627451 0.319148936170213 Contig40048_25427
0.520833333333333 0.467213114754098 0.678217821782178 0.434210526315789 0.519230769230769 0.45 Contig40056_83327
0.86 0.895161290322581 0.853535353535353 0.905405405405405 0.730769230769231 0.816326530612245 Contig40132_75463
0.02 0.0203252032520325 0.176767676767677 0 0 0 Contig40191_27305
0.2 0.266129032258065 0.185 0.0789473684210526 0.125 0.17 Contig40355_14058
0.166666666666667 0.225806451612903 0.301980198019802 0.236842105263158 0.230769230769231 0.259615384615385 Contig40432_84796
0.708333333333333 0.703252032520325 0.509803921568627 0.723684210526316 0.911764705882353 0.84 Contig40439_104230
0.979166666666667 0.991735537190083 0.851485148514851 0.894736842105263 0.91 0.875 Contig40538_50361
0.543478260869565 0.355932203389831 0.373493975903614 0.513157894736842 0.59375 0.597826086956522 Contig40566_13823
0.125 0.192622950819672 0.262376237623762 0.197368421052632 0.163461538461538 0.214285714285714 Contig40584_18552
0.04 0.0766129032258065 0.078125 0.0921052631578947 0.223404255319149 0.195652173913043 Contig40622_14132
0.173913043478261 0.191666666666667 0.21875 0.460526315789474 0.567307692307692 0.466666666666667 Contig40875_61188
0.34 0.386178861788618 0.38 0.5 0.596153846153846 0.53125 Contig40911_12391
0.72 0.658536585365854 0.520408163265306 0.802631578947368 0.764705882352941 0.641304347826087 Contig40930_47348
0.12 0.0714285714285714 0.0728155339805825 0 0 0 Contig41189_61700
0.145833333333333 0.146341463414634 0.313725490196078 0.0526315789473684 0.0673076923076923 0.0673076923076923 Contig41252_24067
0.5 0.5 0.601941747572815 0.513157894736842 0.509615384615385 0.549019607843137 Contig41327_71773
0.145833333333333 0.173387096774194 0.292929292929293 0.236842105263158 0.245098039215686 0.22 Contig41374_33903
0.229166666666667 0.311475409836066 0.375 0.394736842105263 0.46078431372549 0.509803921568627 Contig41377_15116
0.520833333333333 0.594262295081967 0.545454545454545 0.565789473684211 0.663461538461538 0.568627450980392 Contig41480_16774
0.56 0.44047619047619 0.343137254901961 0.236842105263158 0.25 0.18 Contig41569_35747
0.270833333333333 0.276859504132231 0.242268041237113 0.486842105263158 0.438775510204082 0.318181818181818 Contig41665_23812
0.0434782608695652 0.0588235294117647 0.329896907216495 0 0.0490196078431373 0.0760869565217391 Contig41726_7735
0.1 0.0645161290322581 0.168421052631579 0 0.00980392156862745 0.0333333333333333 Contig41784_26355
0.46 0.362204724409449 0.355 0.197368421052632 0.298076923076923 0.372549019607843 Contig41925_12134
0.48 0.495867768595041 0.355 0.105263157894737 0.153846153846154 0.13265306122449 Contig41929_26582
0.28 0.219512195121951 0.240196078431373 0.157894736842105 0.230769230769231 0.39 Contig41931_27157
0 0.02 0.099009900990099 0.0131578947368421 0.0384615384615385 0.05 Contig41957_53084
0.1875 0.186991869918699 0.196969696969697 0.157894736842105 0.147058823529412 0.106382978723404 Contig41966_92179
0.1 0.1125 0.130208333333333 0 0.0392156862745098 0.0454545454545455 Contig41981_35001
0.454545454545455 0.465811965811966 0.178947368421053 0.527027027027027 0.401960784313726 0.451219512195122 Contig42010_49708
0.1 0.132 0.0940594059405941 0.0789473684210526 0.0576923076923077 0.105769230769231 Contig42116_59872
0.02 0.04 0.0776699029126214 0.0921052631578947 0.0686274509803922 0.09 Contig42130_64967
0.125 0.157258064516129 0.204081632653061 0.197368421052632 0.259615384615385 0.25 Contig42180_7791
0.28 0.298387096774194 0.203883495145631 0.486842105263158 0.336538461538462 0.41 Contig42180_40883
0.18 0.284 0.279411764705882 0.184210526315789 0.278846153846154 0.326530612244898 Contig42271_41142
0.14 0.156 0.0245098039215686 0.289473684210526 0.182692307692308 0.23 Contig42319_39373
0.104166666666667 0.130081300813008 0.267676767676768 0.289473684210526 0.294117647058824 0.304347826086957 Contig42451_25805
0.44 0.467741935483871 0.584158415841584 0.407894736842105 0.411764705882353 0.275510204081633 Contig42748_125236
0.12 0.152 0.053921568627451 0.184210526315789 0.144230769230769 0.23469387755102 Contig42883_21514
0.18 0.2 0.184466019417476 0.0526315789473684 0.105769230769231 0.11 Contig42892_67000
0.4375 0.55327868852459 0.387755102040816 0.565789473684211 0.653846153846154 0.581632653061224 Contig42892_279527
0.38 0.388 0.574257425742574 0.578947368421053 0.586538461538462 0.598039215686274 Contig42949_4516
0.18 0.192 0.33495145631068 0.144736842105263 0.221153846153846 0.3 Contig43011_12200
0.270833333333333 0.147540983606557 0.0294117647058824 0.0526315789473684 0 0 Contig43051_46835
0.48 0.564 0.485294117647059 0.644736842105263 0.817307692307692 0.8 Contig43064_57483
0.86 0.846774193548387 0.735 0.618421052631579 0.509615384615385 0.52 Contig43124_14861
0.12 0.121951219512195 0.0490196078431373 0.0394736842105263 0.0480769230769231 0.0686274509803922 Contig43239_50371
0.1875 0.161290322580645 0.275 0.289473684210526 0.384615384615385 0.25 Contig43243_37878
0.0208333333333333 0.0983606557377049 0.0544554455445545 0.328947368421053 0.291666666666667 0.175675675675676 Contig43318_17772
0.24 0.329268292682927 0.52020202020202 0.378378378378378 0.413461538461538 0.347826086956522 Contig43384_16071
0.0208333333333333 0.0487804878048781 0.181818181818182 0.0526315789473684 0.0673076923076923 0.03125 Contig43407_104027
0.5625 0.628 0.533980582524272 0.815789473684211 0.901960784313726 0.85 Contig43603_21893
0.12 0.0555555555555556 0.00490196078431373 0 0 0.0196078431372549 Contig43729_77861
0.18 0.242063492063492 0.145631067961165 0.302631578947368 0.240384615384615 0.25 Contig43735_88456
0.125 0.0772357723577236 0.232673267326733 0.263157894736842 0.413461538461538 0.322916666666667 Contig43740_45873
0.12 0.0887096774193548 0.13 0.0657894736842105 0.0288461538461538 0 Contig43983_104711
0.333333333333333 0.372950819672131 0.191919191919192 0.184210526315789 0.288461538461538 0.22093023255814 Contig44008_49647
0.104166666666667 0.168032786885246 0.08 0.0526315789473684 0.0588235294117647 0.0531914893617021 Contig44178_37165
0.0217391304347826 0.0172413793103448 0.125 0 0 0 Contig44200_113975
0.28 0.2 0.450980392156863 0.0675675675675676 0.0673076923076923 0.0520833333333333 Contig44343_113105
0.0625 0.032258064516129 0.137254901960784 0.0526315789473684 0.0865384615384615 0.1 Contig44362_58252
0.12 0.186991869918699 0.375 0.486842105263158 0.519230769230769 0.551020408163265 Contig44526_113817
0.14 0.092 0.163366336633663 0.0526315789473684 0.201923076923077 0.107843137254902 Contig44576_81565
0.48 0.5 0.323529411764706 0.157894736842105 0.288461538461538 0.32 Contig44765_72402
0.2 0.170634920634921 0 0.289473684210526 0.240384615384615 0.21 Contig44782_65231
0.3125 0.362903225806452 0.479591836734694 0.381578947368421 0.401960784313726 0.459183673469388 Contig45095_15578
0.46 0.456692913385827 0.702970297029703 0.526315789473684 0.567307692307692 0.598039215686274 Contig45232_6203
0.25 0.247933884297521 0.375 0.289473684210526 0.303921568627451 0.405405405405405 Contig45451_80025
0.22 0.151639344262295 0.225 0.0135135135135135 0.0673076923076923 0.0102040816326531 Contig45640_39475
0.708333333333333 0.56198347107438 0.62 0.644736842105263 0.705882352941177 0.697916666666667 Contig45664_4742
0.1875 0.239669421487603 0.166666666666667 0.0657894736842105 0.117647058823529 0.104166666666667 Contig45756_15757
0.0416666666666667 0.0450819672131148 0.08 0.0263157894736842 0.0961538461538462 0.0520833333333333 Contig45821_4359
0.76 0.788617886178862 0.53 0.736842105263158 0.615384615384615 0.561224489795918 Contig45863_37729
0.0833333333333333 0.121951219512195 0.171717171717172 0.0263157894736842 0.0294117647058824 0.0531914893617021 Contig45891_22146
0.875 0.897540983606557 0.747474747474748 0.973684210526316 0.941176470588235 0.877551020408163 Contig45985_25889
0.25 0.256198347107438 0.301020408163265 0.25 0.225490196078431 0.22 Contig46135_1747
0.2 0.158536585365854 0.148514851485149 0.144736842105263 0.156862745098039 0.148936170212766 Contig46209_78735
0.6875 0.717213114754098 0.888888888888889 0.671052631578947 0.692307692307692 0.76 Contig46375_12831
0.416666666666667 0.354700854700855 0.310526315789474 0.648648648648649 0.65 0.621951219512195 Contig46485_26830
0.54 0.584677419354839 0.727722772277228 0.631578947368421 0.754901960784314 0.843137254901961 Contig46700_187116
0.717391304347826 0.810924369747899 0.661616161616162 0.894736842105263 0.928571428571429 0.895833333333333 Contig46712_130931
0.479166666666667 0.454918032786885 0.585 0.605263157894737 0.644230769230769 0.65 Contig46789_20029
0.145833333333333 0.188524590163934 0.0693069306930693 0.131578947368421 0.115384615384615 0.0980392156862745 Contig46829_80442
0.06 0.0887096774193548 0.247422680412371 0.184210526315789 0.230769230769231 0.186046511627907 Contig46845_12257
0.26 0.267716535433071 0.489247311827957 0.473684210526316 0.51 0.42 Contig46956_74893
0.604166666666667 0.610619469026549 0.505050505050505 0.573529411764706 0.734042553191489 0.641304347826087 Contig47017_26566
0.1 0.094017094017094 0.101063829787234 0.444444444444444 0.244444444444444 0.24390243902439 Contig47025_10461
0.565217391304348 0.597457627118644 0.526041666666667 0.486842105263158 0.5625 0.5 Contig47439_52240
0.291666666666667 0.289256198347107 0.398989898989899 0.135135135135135 0.156862745098039 0.193877551020408 Contig47641_55969
0.416666666666667 0.508130081300813 0.135 0.723684210526316 0.730769230769231 0.702127659574468 Contig47666_28891
0.56 0.670731707317073 0.82 0.565789473684211 0.576923076923077 0.591836734693878 Contig47666_182490
0.34 0.247967479674797 0.747474747474748 0.657894736842105 0.653846153846154 0.68 Contig47724_103795
0.0833333333333333 0.0737704918032787 0.0544554455445545 0.0526315789473684 0.0576923076923077 0.09 Contig47905_130255
0.0833333333333333 0.101626016260163 0.0294117647058824 0.355263157894737 0.274509803921569 0.254901960784314 Contig48029_126691
0.431818181818182 0.380530973451327 0.27319587628866 0.385714285714286 0.352941176470588 0.315217391304348 Contig48194_20750
0 0.00413223140495868 0.121052631578947 0.0394736842105263 0.0480769230769231 0.0729166666666667 Contig48241_6882
0.282608695652174 0.162393162393162 0.0444444444444444 0.315789473684211 0.303921568627451 0.475609756097561 Contig48294_95020
0.18 0.161290322580645 0.368932038834951 0.486842105263158 0.576923076923077 0.480392156862745 Contig48375_14076
0.16 0.147540983606557 0.085 0.0394736842105263 0.0865384615384615 0.0833333333333333 Contig48386_119871
0.46 0.345238095238095 0.135922330097087 0.315789473684211 0.317307692307692 0.343137254901961 Contig48460_14901
0.208333333333333 0.195121951219512 0.182291666666667 0.236842105263158 0.278846153846154 0.267441860465116 Contig48496_11742
0.04 0.0277777777777778 0.0247524752475248 0 0 0 Contig48641_102397
0.354166666666667 0.344262295081967 0.559405940594059 0.657894736842105 0.692307692307692 0.64 Contig48869_56081
0.3 0.227642276422764 0.185 0.223684210526316 0.0480769230769231 0.142857142857143 Contig48878_45301
0.6875 0.640495867768595 0.475 0.631578947368421 0.682692307692308 0.755102040816326 Contig48945_111982
0.94 0.930894308943089 0.893939393939394 1 0.980769230769231 1 Contig48966_37006
0.38 0.386178861788618 0.200980392156863 0.289473684210526 0.144230769230769 0.17 Contig48991_81809
0.152173913043478 0.166666666666667 0.276041666666667 0.315789473684211 0.284313725490196 0.277777777777778 Contig49161_57253
0.2 0.201612903225806 0.0631067961165049 0.0657894736842105 0.147058823529412 0.111111111111111 Contig49260_26199
0.12 0.072 0.126262626262626 0.131578947368421 0.0192307692307692 0.04 Contig49505_14350
0.75 0.78099173553719 0.625 0.697368421052632 0.817307692307692 0.81 Contig49681_31372
0.456521739130435 0.426229508196721 0.592783505154639 0.657894736842105 0.596153846153846 0.625 Contig49755_23823
0.104166666666667 0.0840336134453782 0.159340659340659 0.0657894736842105 0.215686274509804 0.182926829268293 Contig49764_24929
0.208333333333333 0.266393442622951 0.12621359223301 0 0.0576923076923077 0.06 Contig49790_33531
0.04 0.0515873015873016 0.0099009900990099 0.0526315789473684 0.105769230769231 0.09 Contig49844_14670
0.125 0.15 0.191919191919192 0.131578947368421 0.205882352941176 0.170212765957447 Contig49985_50335
0.22 0.193548387096774 0.099009900990099 0.0131578947368421 0.0480769230769231 0.00980392156862745 Contig49985_84575
0.208333333333333 0.241525423728814 0.202247191011236 0.184210526315789 0.18 0.397435897435897 Contig50033_46453
0.145833333333333 0.115702479338843 0.255102040816327 0.243243243243243 0.38 0.402173913043478 Contig50086_32393
0.04 0.03125 0.0441176470588235 0.0921052631578947 0.0769230769230769 0.117021276595745 Contig50147_57453
0.166666666666667 0.161157024793388 0.046875 0.0263157894736842 0.0196078431372549 0.0227272727272727 Contig50223_44343
0.479166666666667 0.389344262295082 0.586734693877551 0.394736842105263 0.451923076923077 0.46875 Contig50264_49853
0.3 0.274590163934426 0.690721649484536 0.554054054054054 0.711538461538462 0.729166666666667 Contig50288_12452
0.46 0.451612903225806 0.107843137254902 0.184210526315789 0.211538461538462 0.212765957446809 Contig50318_62061
0.270833333333333 0.268292682926829 0.206185567010309 0.131578947368421 0.25 0.315217391304348 Contig50563_10643
0.94 0.884 0.808823529411765 0.513157894736842 0.615384615384615 0.568627450980392 Contig50829_47940
0.479166666666667 0.504098360655738 0.586734693877551 0.202702702702703 0.153846153846154 0.205882352941176 Contig50940_52384
0.5625 0.504 0.655 0.828947368421053 0.865384615384615 0.833333333333333 Contig50940_57764
0.06 0.166666666666667 0.150485436893204 0.25 0.326923076923077 0.235294117647059 Contig50988_95943
0.291666666666667 0.272 0.279411764705882 0.144736842105263 0.323529411764706 0.215686274509804 Contig51095_13746
0.208333333333333 0.254098360655738 0.09 0.118421052631579 0.153846153846154 0.122448979591837 Contig51117_59333
0 0.0163934426229508 0.0686274509803922 0 0 0 Contig51117_60823
0.7 0.654471544715447 0.42 0.407894736842105 0.144230769230769 0.23469387755102 Contig51338_16247
0.108695652173913 0.163865546218487 0.0531914893617021 0.25 0.372549019607843 0.238636363636364 Contig51343_11329
0.12 0.117886178861789 0.0445544554455446 0 0 0 Contig51354_38566
0.18 0.255905511811024 0.299019607843137 0.0131578947368421 0.0480769230769231 0.05 Contig51397_18044
0.208333333333333 0.217741935483871 0.0891089108910891 0.486842105263158 0.5 0.59 Contig51397_21491
0.38 0.352459016393443 0.166666666666667 0.5 0.326923076923077 0.425531914893617 Contig51460_1643
0.14 0.208661417322835 0.196078431372549 0.171052631578947 0.163461538461538 0.14 Contig51726_606
0.604166666666667 0.60655737704918 0.722222222222222 0.421052631578947 0.333333333333333 0.42 Contig51941_26742
0.6 0.504 0.524509803921569 0.355263157894737 0.471153846153846 0.346938775510204 Contig52079_43236
0.229166666666667 0.142276422764228 0.127551020408163 0.105263157894737 0.107843137254902 0.159574468085106 Contig52152_18416
0.583333333333333 0.582644628099174 0.61 0.644736842105263 0.692307692307692 0.711111111111111 Contig52176_20997
0.0625 0.0942622950819672 0.105 0.131578947368421 0.163461538461538 0.13 Contig52296_36091
0.36 0.4125 0.191489361702128 0.131578947368421 0.214285714285714 0.25 Contig52430_112527
0.729166666666667 0.776422764227642 0.861386138613861 0.75 0.855769230769231 0.794117647058823 Contig52561_44121
0.26 0.352 0.176190476190476 0.118421052631579 0.153846153846154 0.137254901960784 Contig52606_36342
0.6 0.503968253968254 0.465686274509804 0.657894736842105 0.682692307692308 0.663265306122449 Contig52606_53730
0.5 0.370967741935484 0.295 0.223684210526316 0.307692307692308 0.23 Contig52627_4145
0.72 0.768292682926829 0.693877551020408 0.631578947368421 0.567307692307692 0.627659574468085 Contig52687_54417
0.22 0.26 0.21078431372549 0.0789473684210526 0.105769230769231 0.16 Contig52823_34499
0.291666666666667 0.301652892561983 0.244791666666667 0.263157894736842 0.313725490196078 0.293478260869565 Contig52896_72991
0.14 0.166666666666667 0.43010752688172 0.185714285714286 0.354166666666667 0.384615384615385 Contig53051_34517
0.1875 0.28125 0.210526315789474 0.222222222222222 0.147058823529412 0.0416666666666667 Contig53090_118711
0 0.0387931034482759 0.0333333333333333 0 0 0.0217391304347826 Contig53231_38698
0.9 0.898373983739837 0.821428571428571 0.75 0.673076923076923 0.683673469387755 Contig53309_109153
0.88 0.826612903225806 0.745 0.881578947368421 0.894230769230769 0.89 Contig53466_28399
0.166666666666667 0.202479338842975 0.333333333333333 0.125 0 0.0625 Contig53477_13503
0.522727272727273 0.483193277310924 0.727272727272727 0.428571428571429 0.401960784313726 0.53125 Contig53526_37698
0.3 0.304 0.28 0.776315789473684 0.576923076923077 0.561224489795918 Contig53535_155683
0.1875 0.147058823529412 0.0989583333333333 0.0526315789473684 0.1 0.108695652173913 Contig53577_90898
0.34 0.357723577235772 0.160194174757282 0.25 0.105769230769231 0.07 Contig53696_33734
0.479166666666667 0.479674796747967 0.779411764705882 0.513157894736842 0.529411764705882 0.52 Contig53958_6825
0.479166666666667 0.349593495934959 0.450495049504951 0.162162162162162 0.205882352941176 0.18 Contig54163_38796
0.12 0.138211382113821 0.0445544554455446 0.0921052631578947 0.0673076923076923 0.0686274509803922 Contig54389_11892
0.8 0.770161290322581 0.702970297029703 0.723684210526316 0.605769230769231 0.656862745098039 Contig54699_7088
0.3125 0.340163934426229 0.396039603960396 0.184210526315789 0.355769230769231 0.32 Contig54922_19212
0.666666666666667 0.596774193548387 0.757281553398058 0.697368421052632 0.784313725490196 0.86 Contig54939_58070
0.12 0.182539682539683 0.163366336633663 0.118421052631579 0.173076923076923 0.25 Contig55036_20230
0.38 0.317073170731707 0.0841584158415842 0.210526315789474 0.375 0.14 Contig55060_25052
0.369565217391304 0.445378151260504 0.475247524752475 0.460526315789474 0.365384615384615 0.362745098039216 Contig55118_61629
0.166666666666667 0.239669421487603 0.221052631578947 0.27027027027027 0.215686274509804 0.261363636363636 Contig55134_73301
0.06 0.0327868852459016 0.0561224489795918 0.0131578947368421 0 0.0106382978723404 Contig55744_56356
0.166666666666667 0.181818181818182 0.391752577319588 0.297297297297297 0.45 0.4 Contig55790_52817
0.18 0.1484375 0.117021276595745 0.0263157894736842 0.0384615384615385 0.00980392156862745 Contig55894_46750
0.125 0.133333333333333 0.0816326530612245 0.118421052631579 0.15 0.0930232558139535 Contig55956_150474
0.34 0.412 0.381188118811881 0.592105263157895 0.57843137254902 0.53921568627451 Contig56026_12456
0.5 0.54 0.57843137254902 0.710526315789474 0.740384615384615 0.66 Contig56170_3729
0.14 0.136 0.0980392156862745 0.131578947368421 0.317307692307692 0.26530612244898 Contig56228_56249
0.7 0.773809523809524 0.674757281553398 0.657894736842105 0.576923076923077 0.519607843137255 Contig56399_26762
0.18 0.174603174603175 0.184466019417476 0.0921052631578947 0.0384615384615385 0.0196078431372549 Contig56510_101502
0.0625 0.0403225806451613 0.02 0 0.00961538461538462 0.0294117647058824 Contig56550_28656
0 0.00826446280991736 0.076530612244898 0.0657894736842105 0.105769230769231 0.0652173913043478 Contig56556_5475
0.9 0.866935483870968 0.811881188118812 0.934210526315789 0.932692307692308 0.877551020408163 Contig56574_4369
0.0227272727272727 0.0619834710743802 0.0747126436781609 0.0526315789473684 0.135416666666667 0.0465116279069767 Contig56974_3849
0.875 0.888 0.89 0.881578947368421 0.92156862745098 0.9375 Contig57041_38668
0.125 0.111570247933884 0.095959595959596 0.0945945945945946 0.0784313725490196 0.03125 Contig57041_43301
0.24 0.290322580645161 0.237623762376238 0.315789473684211 0.317307692307692 0.294117647058824 Contig57165_22310
0.18 0.180327868852459 0.262886597938144 0.202702702702703 0.269230769230769 0.285714285714286 Contig57175_76422
0.38 0.332 0.401960784313726 0.407894736842105 0.413461538461538 0.401960784313726 Contig57453_46021
0.708333333333333 0.651639344262295 0.532967032967033 0.894736842105263 0.64 0.602040816326531 Contig57479_83844
0.208333333333333 0.348360655737705 0.333333333333333 0.434210526315789 0.392156862745098 0.25531914893617 Contig57479_126114
0.354166666666667 0.373913043478261 0.142156862745098 0.382352941176471 0.42156862745098 0.24 Contig57539_139662
0.326086956521739 0.427350427350427 0.495049504950495 0.513157894736842 0.686274509803922 0.622448979591837 Contig57814_9057
0.25 0.219512195121951 0.349514563106796 0.171052631578947 0.182692307692308 0.2 Contig57920_78703
0.24 0.155737704918033 0.07 0.144736842105263 0.182692307692308 0.108695652173913 Contig57945_19938
0.0833333333333333 0.084 0.115 0.027027027027027 0.00961538461538462 0 Contig58383_18259
0.0869565217391304 0.142857142857143 0.156565656565657 0.272727272727273 0.287234042553192 0.267441860465116 Contig58586_25292
0.208333333333333 0.254166666666667 0.11 0.368421052631579 0.352941176470588 0.26530612244898 Contig58586_49063
0.8 0.766393442622951 0.936893203883495 0.894736842105263 0.971153846153846 0.95 Contig58672_43426
0.333333333333333 0.268595041322314 0.173469387755102 0.388888888888889 0.254901960784314 0.25 Contig58748_68927
0.409090909090909 0.433035714285714 0.268817204301075 0.618421052631579 0.571428571428571 0.5 Contig58791_51567
0.229166666666667 0.227272727272727 0.0364583333333333 0.324324324324324 0.221153846153846 0.23 Contig58795_51041
0.5 0.46218487394958 0.6 0.526315789473684 0.333333333333333 0.55 Contig59010_26404
0.6875 0.673553719008264 0.913793103448276 0.960526315789474 0.86734693877551 0.91025641025641 Contig60032_4490
0.36 0.396551724137931 0.433333333333333 0.457142857142857 0.346938775510204 0.375 Contig60089_7613
0.5 0.393162393162393 0.364583333333333 0.355263157894737 0.25 0.255102040816327 Contig60303_33136
0.125 0.233606557377049 0.355 0.0394736842105263 0.156862745098039 0.23469387755102 Contig60750_70837
0.354166666666667 0.352459016393443 0.536458333333333 0.486842105263158 0.617647058823529 0.540816326530612 Contig60934_15943
0.22 0.2265625 0.0631067961165049 0.263157894736842 0.115384615384615 0.107843137254902 Contig61302_54555
0.125 0.136363636363636 0.252525252525253 0.197368421052632 0.156862745098039 0.414893617021277 Contig61351_20992
0.729166666666667 0.678861788617886 0.519607843137255 0.684210526315789 0.676470588235294 0.686274509803922 Contig61429_124794
0.56 0.616935483870968 0.688118811881188 0.657894736842105 0.846153846153846 0.925531914893617 Contig61590_12619
0.0416666666666667 0.069672131147541 0.25 0.0263157894736842 0.0961538461538462 0.102272727272727 Contig61614_13049
0.354166666666667 0.37603305785124 0.43 0.513513513513513 0.352941176470588 0.425531914893617 Contig61614_42700
0.5 0.512396694214876 0.572164948453608 0.592105263157895 0.676470588235294 0.79 Contig61688_20486
0.304347826086957 0.348360655737705 0.235 0.118421052631579 0.127450980392157 0.0686274509803922 Contig62135_4030
0.9375 0.852459016393443 0.965346534653465 0.973684210526316 0.923076923076923 0.97 Contig62243_48993
0.0833333333333333 0.0569105691056911 0.168421052631579 0.263157894736842 0.221153846153846 0.282608695652174 Contig62316_17607
0.0416666666666667 0.072 0.148514851485149 0.0394736842105263 0.0384615384615385 0.00980392156862745 Contig62344_14614
0.304347826086957 0.383333333333333 0.175257731958763 0.381578947368421 0.57843137254902 0.510416666666667 Contig62344_47489
0 0.036 0.00970873786407767 0.0657894736842105 0.0288461538461538 0.0416666666666667 Contig62496_20614
0.25 0.344262295081967 0.424242424242424 0.105263157894737 0.0288461538461538 0.0918367346938776 Contig62604_76660
0.02 0.024390243902439 0.146739130434783 0.118421052631579 0.147058823529412 0.0909090909090909 Contig62857_71158
0.5625 0.526086956521739 0.5 0.308823529411765 0.3 0.228260869565217 Contig63087_74268
0.82 0.814516129032258 0.745 0.631578947368421 0.754901960784314 0.72 Contig63148_19944
0.04 0.0528455284552846 0.0436893203883495 0.171052631578947 0.173076923076923 0.182692307692308 Contig63164_55429
0.6 0.55952380952381 0.679611650485437 0.828947368421053 0.673076923076923 0.644230769230769 Contig63505_18210
0.270833333333333 0.270491803278689 0.296116504854369 0.355263157894737 0.336538461538462 0.38 Contig63522_40427
0.9 0.888888888888889 0.806930693069307 0.934210526315789 1 0.970588235294118 Contig63573_16779
0.729166666666667 0.760162601626016 0.878640776699029 0.635135135135135 0.442307692307692 0.529411764705882 Contig63879_25294
0.270833333333333 0.326612903225806 0.297029702970297 0.486111111111111 0.413461538461538 0.385416666666667 Contig63924_30674
0.229166666666667 0.239837398373984 0.272727272727273 0.236842105263158 0.221153846153846 0.186274509803922 Contig64386_39073
0.14 0.196 0.175 0.157894736842105 0.259615384615385 0.23469387755102 Contig64473_39407
0.1 0.151639344262295 0.116504854368932 0.197368421052632 0.211538461538462 0.23469387755102 Contig64514_13648
0.208333333333333 0.236 0.39 0.539473684210526 0.403846153846154 0.428571428571429 Contig64592_33702
0.1 0.169354838709677 0.13 0.184210526315789 0.25 0.23469387755102 Contig64611_11888
0.24 0.2625 0.48019801980198 0.394736842105263 0.298076923076923 0.3 Contig64611_52289
0.0208333333333333 0.0330578512396694 0.0663265306122449 0.105263157894737 0.196078431372549 0.113636363636364 Contig64701_60161
0.3 0.19047619047619 0.227722772277228 0.118421052631579 0.0576923076923077 0.12 Contig64959_13630
0.5 0.463114754098361 0.633663366336634 0.710526315789474 0.634615384615385 0.677083333333333 Contig64976_14467
0.2 0.170634920634921 0.262135922330097 0.328947368421053 0.144230769230769 0.156862745098039 Contig64985_8051
0.166666666666667 0.204918032786885 0.183168316831683 0.289473684210526 0.307692307692308 0.32 Contig65095_3435
0.06 0.111111111111111 0.181372549019608 0.381578947368421 0.490384615384615 0.45 Contig65673_22537
0 0 0.0679611650485437 0 0 0 Contig65827_7949
0.76 0.811475409836066 0.929292929292929 0.671052631578947 0.586538461538462 0.614583333333333 Contig65827_8258
0.125 0.12396694214876 0.284313725490196 0.105263157894737 0.211538461538462 0.26530612244898 Contig66033_17862
0.145833333333333 0.0714285714285714 0.0760869565217391 0.0263157894736842 0.0196078431372549 0.0543478260869565 Contig66131_48926
0.520833333333333 0.479838709677419 0.326732673267327 0.118421052631579 0.307692307692308 0.240384615384615 Contig66185_39675
0.1875 0.2125 0.15 0.25 0.265957446808511 0.297619047619048 Contig66234_9867
0.333333333333333 0.280172413793103 0.222222222222222 0.223684210526316 0.204081632653061 0.19047619047619 Contig66398_29052
0.9 0.887096774193548 0.833333333333333 0.842105263157895 0.807692307692308 0.89 Contig67369_2278
0.26 0.247967479674797 0.0940594059405941 0.157894736842105 0.269230769230769 0.197916666666667 Contig67541_18110
0.304347826086957 0.393162393162393 0.379120879120879 0.289473684210526 0.303921568627451 0.322916666666667 Contig67807_34803
0.7 0.771653543307087 0.786407766990291 0.802631578947368 0.807692307692308 0.852941176470588 Contig68831_20926
0.375 0.353658536585366 0.5 0.289473684210526 0.382352941176471 0.28 Contig68856_12574
0.26 0.19047619047619 0.254901960784314 0.473684210526316 0.288461538461538 0.329787234042553 Contig69182_19930
0.458333333333333 0.331967213114754 0.137254901960784 0.407894736842105 0.382352941176471 0.352941176470588 Contig70115_35132
0.541666666666667 0.584677419354839 0.656862745098039 0.434210526315789 0.442307692307692 0.59 Contig70115_37219
0.24 0.228346456692913 0.156862745098039 0.328947368421053 0.307692307692308 0.274509803921569 Contig70288_8063
0.208333333333333 0.183760683760684 0.25531914893617 0.0657894736842105 0.0882352941176471 0.075 Contig71033_18605
0.1 0.0934959349593496 0.205 0.263157894736842 0.230769230769231 0.352272727272727 Contig71377_25387
0.02 0.015748031496063 0.323529411764706 0.0263157894736842 0.0769230769230769 0.112244897959184 Contig71714_7719
0.22 0.226190476190476 0.37378640776699 0.648648648648649 0.721153846153846 0.793478260869565 Contig72345_18705
0.895833333333333 0.93801652892562 0.727272727272727 0.894736842105263 0.875 0.822916666666667 Contig72438_31943
0.52 0.468253968253968 0.435 0.394736842105263 0.403846153846154 0.382352941176471 Contig72530_17091
0.0652173913043478 0.0546218487394958 0.0786516853932584 0.0131578947368421 0 0.0238095238095238 Contig72539_57272
0.02 0.0564516129032258 0.155339805825243 0.0263157894736842 0.00961538461538462 0.03 Contig72641_28898
0.173913043478261 0.326446280991736 0.123762376237624 0.236842105263158 0.182692307692308 0.17 Contig72708_7211
0.0833333333333333 0.0702479338842975 0.113861386138614 0.0526315789473684 0 0.0204081632653061 Contig72840_17774
0.2 0.247967479674797 0.257281553398058 0.25 0.23 0.276595744680851 Contig72840_30943
0.58 0.549180327868853 0.719387755102041 0.631578947368421 0.784313725490196 0.760416666666667 Contig73329_8890
0.2 0.161417322834646 0.125 0.0526315789473684 0.144230769230769 0.125 Contig73520_3448
0.270833333333333 0.235772357723577 0.220588235294118 0.171052631578947 0.182692307692308 0.26 Contig73701_7012
0.82 0.804878048780488 0.483695652173913 0.855263157894737 0.784313725490196 0.688888888888889 Contig73926_18680
0.1875 0.272727272727273 0.5 0.236842105263158 0.173076923076923 0.13 Contig74200_11371
0.25 0.229508196721311 0.0594059405940594 0.223684210526316 0.221153846153846 0.244897959183673 Contig74226_5710
0 0.0254237288135593 0.0315789473684211 0 0 0.0340909090909091 Contig74255_8724
0.18 0.209677419354839 0.102941176470588 0.0394736842105263 0.0865384615384615 0.0980392156862745 Contig74738_11973
0.229166666666667 0.149193548387097 0.179611650485437 0.157894736842105 0.192307692307692 0.142857142857143 Contig75015_80841
0.166666666666667 0.134146341463415 0.168316831683168 0.157894736842105 0.230769230769231 0.2 Contig75662_4886
0.78 0.809917355371901 0.622222222222222 0.684210526315789 0.803921568627451 0.797297297297297 Contig75800_18677
0.1 0.0793650793650794 0.029126213592233 0.0526315789473684 0.0192307692307692 0.05 Contig76394_7968
0.84 0.884 0.900990099009901 0.868421052631579 0.990384615384615 0.93 Contig76994_20565
0.3 0.28740157480315 0.355769230769231 0.0526315789473684 0.115384615384615 0.12 Contig77135_1314
0.08 0.0766129032258065 0 0.157894736842105 0.173076923076923 0.156862745098039 Contig77258_33881
0.36 0.266129032258065 0.240196078431373 0.223684210526316 0.196078431372549 0.204081632653061 Contig77312_7707
0.104166666666667 0.0967741935483871 0.0637254901960784 0.144736842105263 0.211538461538462 0.22 Contig77516_11452
0.38 0.432 0.568627450980392 0.421052631578947 0.392156862745098 0.401960784313726 Contig77576_11741
0.25 0.214876033057851 0.0876288659793814 0.121621621621622 0.278846153846154 0.136363636363636 Contig77850_38245
0 0 0 0.118421052631579 0.153846153846154 0.135416666666667 Contig79227_121711
0.1 0.0853658536585366 0.215789473684211 0.289473684210526 0.245098039215686 0.228260869565217 Contig79295_22048
0.0208333333333333 0.0122950819672131 0.0618556701030928 0.184210526315789 0.235294117647059 0.209302325581395 Contig79296_15311
0.44 0.405737704918033 0.44949494949495 0.526315789473684 0.653846153846154 0.561224489795918 Contig79403_11881
0.5625 0.559055118110236 0.323529411764706 0.447368421052632 0.355769230769231 0.384615384615385 Contig79863_51762
0.217391304347826 0.307692307692308 0.635 0.666666666666667 0.702127659574468 0.659090909090909 Contig80935_8948
0.0833333333333333 0.179166666666667 0.111111111111111 0.121621621621622 0.04 0.0851063829787234 Contig81736_9037
0.0625 0.0569105691056911 0.0792079207920792 0.197368421052632 0.0980392156862745 0.0408163265306122 Contig81747_8499
0.434782608695652 0.447154471544715 0.440594059405941 0.671052631578947 0.451923076923077 0.45 Contig83560_41146
0.0238095238095238 0.027027027027027 0.0473684210526316 0 0.0384615384615385 0.0851063829787234 Contig83804_15266
0.166666666666667 0.241803278688525 0.153465346534653 0.184210526315789 0.33 0.255102040816327 Contig83863_65161
0.625 0.733870967741935 0.929292929292929 0.842105263157895 0.872549019607843 0.95 Contig84101_7952
0 0.00427350427350427 0.0747126436781609 0 0.0111111111111111 0 Contig84379_22565
0.208333333333333 0.219512195121951 0.142156862745098 0.0921052631578947 0.0576923076923077 0.0490196078431373 Contig85454_45794
0 0.052 0.172413793103448 0 0.225490196078431 0.0340909090909091 Contig86650_761
0.06 0.106837606837607 0.229166666666667 0.0428571428571429 0 0.0222222222222222 Contig89534_25086
0.3125 0.264462809917355 0.118556701030928 0.0921052631578947 0.240384615384615 0.204081632653061 Contig89594_54545
0.645833333333333 0.705645161290323 0.606796116504854 0.657894736842105 0.627450980392157 0.680851063829787 Contig92027_105318
0.42 0.4625 0.382978723404255 0.351351351351351 0.58 0.560975609756098 Contig92865_5715
0.12 0.064 0.0144230769230769 0.0657894736842105 0 0.0196078431372549 Contig92895_11193
0.125 0.14344262295082 0.085 0.25 0.355769230769231 0.32 Contig92942_7091
0.25 0.151639344262295 0.133663366336634 0.0657894736842105 0.134615384615385 0.239583333333333 Contig92942_7457
0.895833333333333 0.808943089430894 0.717171717171717 0.947368421052632 0.942307692307692 0.936170212765957 Contig95150_11369
0.06 0.0813008130081301 0.282828282828283 0.131578947368421 0.0961538461538462 0.1875 Contig96032_1927
0.2 0.196 0.259803921568627 0.432432432432432 0.303921568627451 0.27 Contig96258_19803
0.0208333333333333 0.0867768595041322 0.0404040404040404 0.0657894736842105 0.117647058823529 0.13265306122449 Contig96662_7809
0.26 0.326771653543307 0.720588235294118 0.565789473684211 0.375 0.394230769230769 Contig98824_26835
0.52 0.520161290322581 0.391089108910891 0.418918918918919 0.548076923076923 0.519607843137255 Contig98824_32711
0.75 0.707317073170732 0.735294117647059 0.907894736842105 0.865384615384615 0.87 Contig99270_8403
0.64 0.607142857142857 0.415841584158416 0.592105263157895 0.480769230769231 0.31 Contig99649_20105
0.354166666666667 0.366935483870968 0.435 0.513157894736842 0.480392156862745 0.55952380952381 Contig99822_74986
0.270833333333333 0.228 0.313829787234043 0.5 0.401960784313726 0.428571428571429 Contig101065_24146
0.166666666666667 0.134146341463415 0.136363636363636 0.171052631578947 0.163461538461538 0.117647058823529 Contig102071_22169
0.145833333333333 0.125 0.276699029126214 0.144736842105263 0.264705882352941 0.137254901960784 Contig102107_7487
0.36 0.390243902439024 0.576923076923077 0.355263157894737 0.42156862745098 0.41304347826087 Contig102107_13576
0.152173913043478 0.109243697478992 0.0769230769230769 0.157894736842105 0.18 0.121951219512195 Contig102319_27567
0.208333333333333 0.223140495867769 0.198979591836735 0 0.00961538461538462 0 Contig102319_29015
0.375 0.360655737704918 0.33 0.355263157894737 0.278846153846154 0.346938775510204 Contig102319_31140
0.58695652173913 0.617886178861789 0.618556701030928 0.618421052631579 0.519230769230769 0.58695652173913 Contig103719_70839
0.56 0.686507936507937 0.737864077669903 0.842105263157895 0.892156862745098 0.901960784313726 Contig103755_21273
0.1875 0.23109243697479 0.183333333333333 0.25 0.25 0.238095238095238 Contig103769_6910
0.08 0.125 0.0980392156862745 0.236842105263158 0.176470588235294 0.153061224489796 Contig103974_31707
0.18 0.154471544715447 0.133663366336634 0.0526315789473684 0.173076923076923 0.193877551020408 Contig104808_3600
0.02 0.0211864406779661 0.0206185567010309 0 0 0 Contig104815_60796
0.6875 0.727272727272727 0.955445544554455 0.960526315789474 0.980769230769231 0.98 Contig104950_6563
0.145833333333333 0.165289256198347 0.56701030927835 0.236842105263158 0.186274509803922 0.136363636363636 Contig105195_4142
0.583333333333333 0.650406504065041 0.836734693877551 0.684210526315789 0.637254901960784 0.653061224489796 Contig105195_10360
0.0208333333333333 0.00806451612903226 0.178217821782178 0 0.0392156862745098 0.0102040816326531 Contig105195_63036
0.0217391304347826 0.00833333333333333 0.0224719101123595 0 0.0196078431372549 0 Contig105820_15464
0.34 0.348360655737705 0.396739130434783 0.671052631578947 0.745098039215686 0.755813953488372 Contig106405_3319
0.270833333333333 0.26890756302521 0.418478260869565 0.210526315789474 0.127450980392157 0.153846153846154 Contig106405_3685
0.28 0.268 0.43 0.210526315789474 0.127450980392157 0.16 Contig106405_4097
0.0833333333333333 0.110655737704918 0.156862745098039 0.105263157894737 0.0686274509803922 0.14 Contig106451_2775
0.291666666666667 0.258196721311475 0.247474747474747 0.434210526315789 0.490384615384615 0.52 Contig106470_15608
0.24 0.188 0.174757281553398 0.210526315789474 0.0865384615384615 0.11 Contig107262_17856
0.166666666666667 0.194214876033058 0.278350515463918 0.289473684210526 0.313725490196078 0.2625 Contig107601_34868
0.895833333333333 0.883064516129032 0.891089108910891 0.960526315789474 0.971153846153846 0.96078431372549 Contig107730_12315
0.58 0.630081300813008 0.333333333333333 0.328947368421053 0.326923076923077 0.28125 Contig107730_43377
0.14 0.135593220338983 0.197916666666667 0.0285714285714286 0.09375 0.141025641025641 Contig107730_47717
0.833333333333333 0.819672131147541 0.702020202020202 0.460526315789474 0.431372549019608 0.47 Contig110520_10580
0.74 0.770161290322581 0.603960396039604 0.868421052631579 0.673076923076923 0.776595744680851 Contig111016_14689
0.4375 0.378048780487805 0.45959595959596 0.368421052631579 0.46078431372549 0.358695652173913 Contig112269_39751
0.0625 0.0650406504065041 0.199029126213592 0.0789473684210526 0.0384615384615385 0.03 Contig112381_22913
0.104166666666667 0.158536585365854 0.102941176470588 0.25 0.307692307692308 0.166666666666667 Contig113169_12518
0.14 0.192 0.485436893203884 0.552631578947368 0.451923076923077 0.461538461538462 Contig114228_32607
0.16 0.165254237288136 0.150602409638554 0.0945945945945946 0.107843137254902 0.0416666666666667 Contig114877_11517
0.4 0.434959349593496 0.160919540229885 0.0405405405405405 0.0588235294117647 0.0882352941176471 Contig117221_5235
0.104166666666667 0.0413223140495868 0.146464646464646 0.25 0.196078431372549 0.25 Contig179209_8973
0.0833333333333333 0.0645161290322581 0.118811881188119 0.289473684210526 0.196078431372549 0.29 Contig188477_25053
0.16 0.136 0.0346534653465347 0.184210526315789 0.125 0.0588235294117647 Contig192454_11525
0.14 0.108870967741935 0.156862745098039 0.0131578947368421 0 0.0294117647058824 Contig267742_1822
