N0_set r_set K_set M_set gen_factor nll
20 0.025 250 0 1.33333333333333 7018.16272967865
40 0.025 250 0 1.33333333333333 6416.13923508195
80 0.025 250 0 1.33333333333333 6060.15179361818
160 0.025 250 0 1.33333333333333 5879.92697710949
320 0.025 250 0 1.33333333333333 5816.73427591686
20 0.05 250 0 1.33333333333333 6640.92219789254
40 0.05 250 0 1.33333333333333 6208.41050795138
80 0.05 250 0 1.33333333333333 5967.15932056058
160 0.05 250 0 1.33333333333333 5856.27509983754
320 0.05 250 0 1.33333333333333 5823.54767308493
20 0.1 250 0 1.33333333333333 6257.74823524212
40 0.1 250 0 1.33333333333333 6008.84170624244
80 0.1 250 0 1.33333333333333 5884.88592664737
160 0.1 250 0 1.33333333333333 5837.76019106474
320 0.1 250 0 1.33333333333333 5828.4241021667
20 0.2 250 0 1.33333333333333 6015.22996128266
40 0.2 250 0 1.33333333333333 5894.47147167169
80 0.2 250 0 1.33333333333333 5844.73442337115
160 0.2 250 0 1.33333333333333 5830.65018334162
320 0.2 250 0 1.33333333333333 5829.63757370152
20 0.4 250 0 1.33333333333333 5908.88374622612
40 0.4 250 0 1.33333333333333 5852.71853666205
80 0.4 250 0 1.33333333333333 5834.28675976354
160 0.4 250 0 1.33333333333333 5829.83597355291
320 0.4 250 0 1.33333333333333 5829.33083621351
20 0.025 500 0 1.33333333333333 6987.32186182467
40 0.025 500 0 1.33333333333333 6378.79297765503
80 0.025 500 0 1.33333333333333 6018.69894228915
160 0.025 500 0 1.33333333333333 5838.79327120485
320 0.025 500 0 1.33333333333333 5786.31065733352
20 0.05 500 0 1.33333333333333 6588.60822616162
40 0.05 500 0 1.33333333333333 6145.95502875388
80 0.05 500 0 1.33333333333333 5901.49501377485
160 0.05 500 0 1.33333333333333 5796.69479154835
320 0.05 500 0 1.33333333333333 5780.63870297034
20 0.1 500 0 1.33333333333333 6177.11770533439
40 0.1 500 0 1.33333333333333 5922.4045896273
80 0.1 500 0 1.33333333333333 5802.74703545644
160 0.1 500 0 1.33333333333333 5769.17369173873
320 0.1 500 0 1.33333333333333 5779.69313108619
20 0.2 500 0 1.33333333333333 5922.20398931037
40 0.2 500 0 1.33333333333333 5802.68078015301
80 0.2 500 0 1.33333333333333 5764.42439912122
160 0.2 500 0 1.33333333333333 5767.96101374479
320 0.2 500 0 1.33333333333333 5784.20289827736
20 0.4 500 0 1.33333333333333 5816.07245172756
40 0.4 500 0 1.33333333333333 5769.71032261964
80 0.4 500 0 1.33333333333333 5767.87148254155
160 0.4 500 0 1.33333333333333 5778.84087192279
320 0.4 500 0 1.33333333333333 5789.34114336587
20 0.025 1000 0 1.33333333333333 6970.53159293732
40 0.025 1000 0 1.33333333333333 6360.49045252769
80 0.025 1000 0 1.33333333333333 5997.21583839708
160 0.025 1000 0 1.33333333333333 5818.74377820683
320 0.025 1000 0 1.33333333333333 5774.84122289092
20 0.05 1000 0 1.33333333333333 6560.9271706971
40 0.05 1000 0 1.33333333333333 6115.3864659597
80 0.05 1000 0 1.33333333333333 5869.10869742755
160 0.05 1000 0 1.33333333333333 5770.62625714054
320 0.05 1000 0 1.33333333333333 5770.99427133807
20 0.1 1000 0 1.33333333333333 6136.10289470083
40 0.1 1000 0 1.33333333333333 5881.9202629221
80 0.1 1000 0 1.33333333333333 5768.5630934191
160 0.1 1000 0 1.33333333333333 5750.43976891655
320 0.1 1000 0 1.33333333333333 5783.40272423339
20 0.2 1000 0 1.33333333333333 5885.71762111462
40 0.2 1000 0 1.33333333333333 5772.50932832936
80 0.2 1000 0 1.33333333333333 5747.03777593407
160 0.2 1000 0 1.33333333333333 5770.45551845615
320 0.2 1000 0 1.33333333333333 5808.28792565712
20 0.4 1000 0 1.33333333333333 5789.41462324067
40 0.4 1000 0 1.33333333333333 5755.15716130091
80 0.4 1000 0 1.33333333333333 5772.8030229557
160 0.4 1000 0 1.33333333333333 5804.40174125284
320 0.4 1000 0 1.33333333333333 5830.90256876558
20 0.025 2000 0 1.33333333333333 6962.33886423868
40 0.025 2000 0 1.33333333333333 6351.30972538147
80 0.025 2000 0 1.33333333333333 5986.57908045955
160 0.025 2000 0 1.33333333333333 5808.94591785689
320 0.025 2000 0 1.33333333333333 5770.75070074433
20 0.05 2000 0 1.33333333333333 6548.66834113707
40 0.05 2000 0 1.33333333333333 6099.44606831326
80 0.05 2000 0 1.33333333333333 5853.18149445781
160 0.05 2000 0 1.33333333333333 5759.67440565313
320 0.05 2000 0 1.33333333333333 5773.03778985055
20 0.1 2000 0 1.33333333333333 6117.06406291678
40 0.1 2000 0 1.33333333333333 5862.78342358269
80 0.1 2000 0 1.33333333333333 5756.6339825881
160 0.1 2000 0 1.33333333333333 5752.7036209925
320 0.1 2000 0 1.33333333333333 5806.67839749647
20 0.2 2000 0 1.33333333333333 5878.93830506778
40 0.2 2000 0 1.33333333333333 5772.55926857505
80 0.2 2000 0 1.33333333333333 5759.02505990689
160 0.2 2000 0 1.33333333333333 5800.94212194299
320 0.2 2000 0 1.33333333333333 5860.34744337852
20 0.4 2000 0 1.33333333333333 5797.07245772741
40 0.4 2000 0 1.33333333333333 5772.91591444171
80 0.4 2000 0 1.33333333333333 5808.90717570207
160 0.4 2000 0 1.33333333333333 5861.88409470284
320 0.4 2000 0 1.33333333333333 5906.40761401997
20 0.025 4000 0 1.33333333333333 6958.72671722411
40 0.025 4000 0 1.33333333333333 6346.49597749887
80 0.025 4000 0 1.33333333333333 5981.59519614771
160 0.025 4000 0 1.33333333333333 5804.21005043905
320 0.025 4000 0 1.33333333333333 5769.2332606222
20 0.05 4000 0 1.33333333333333 6542.4247176071
40 0.05 4000 0 1.33333333333333 6091.52753457119
80 0.05 4000 0 1.33333333333333 5845.56934222766
160 0.05 4000 0 1.33333333333333 5754.9909671237
320 0.05 4000 0 1.33333333333333 5776.94221678025
20 0.1 4000 0 1.33333333333333 6107.61056212145
40 0.1 4000 0 1.33333333333333 5854.35603201574
80 0.1 4000 0 1.33333333333333 5753.15314199901
160 0.1 4000 0 1.33333333333333 5759.78498656352
320 0.1 4000 0 1.33333333333333 5829.92182022289
20 0.2 4000 0 1.33333333333333 5881.41758021618
40 0.2 4000 0 1.33333333333333 5781.63832915021
80 0.2 4000 0 1.33333333333333 5777.3977409663
160 0.2 4000 0 1.33333333333333 5833.83876258235
320 0.2 4000 0 1.33333333333333 5911.05633193604
20 0.4 4000 0 1.33333333333333 5814.1897464424
40 0.4 4000 0 1.33333333333333 5797.40881601996
80 0.4 4000 0 1.33333333333333 5847.6844200008
160 0.4 4000 0 1.33333333333333 5918.52401386177
320 0.4 4000 0 1.33333333333333 5979.41365315209
20 0.025 250 1 1.33333333333333 6286.17746474711
40 0.025 250 1 1.33333333333333 6042.34763926098
80 0.025 250 1 1.33333333333333 5870.96179609148
160 0.025 250 1 1.33333333333333 5784.41295316392
320 0.025 250 1 1.33333333333333 5767.37520043213
20 0.05 250 1 1.33333333333333 6108.47242794828
40 0.05 250 1 1.33333333333333 5929.11500668714
80 0.05 250 1 1.33333333333333 5817.19583188709
160 0.05 250 1 1.33333333333333 5771.22111353812
320 0.05 250 1 1.33333333333333 5770.33863485812
20 0.1 250 1 1.33333333333333 5922.76822641377
40 0.1 250 1 1.33333333333333 5822.65834835539
80 0.1 250 1 1.33333333333333 5773.05735499232
160 0.1 250 1 1.33333333333333 5762.66332043475
320 0.1 250 1 1.33333333333333 5771.43948377697
20 0.2 250 1 1.33333333333333 5813.5215144409
40 0.2 250 1 1.33333333333333 5769.21401867492
80 0.2 250 1 1.33333333333333 5757.32816168405
160 0.2 250 1 1.33333333333333 5761.96172357102
320 0.2 250 1 1.33333333333333 5770.18201067763
20 0.4 250 1 1.33333333333333 5773.84409700036
40 0.4 250 1 1.33333333333333 5757.8110565568
80 0.4 250 1 1.33333333333333 5759.11935024698
160 0.4 250 1 1.33333333333333 5764.35937684255
320 0.4 250 1 1.33333333333333 5768.63565744956
20 0.025 500 1 1.33333333333333 6271.14714492077
40 0.025 500 1 1.33333333333333 6021.25056445344
80 0.025 500 1 1.33333333333333 5845.7861026449
160 0.025 500 1 1.33333333333333 5759.73689458872
320 0.025 500 1 1.33333333333333 5752.11941376527
20 0.05 500 1 1.33333333333333 6080.20657306123
40 0.05 500 1 1.33333333333333 5892.63256951037
80 0.05 500 1 1.33333333333333 5777.65885172607
160 0.05 500 1 1.33333333333333 5737.03349663705
320 0.05 500 1 1.33333333333333 5751.00484572394
20 0.1 500 1 1.33333333333333 5876.45461211479
40 0.1 500 1 1.33333333333333 5772.05714238042
80 0.1 500 1 1.33333333333333 5725.8442957184
160 0.1 500 1 1.33333333333333 5727.39619963619
320 0.1 500 1 1.33333333333333 5754.32430195905
20 0.2 500 1 1.33333333333333 5761.15469928574
40 0.2 500 1 1.33333333333333 5718.30759856814
80 0.2 500 1 1.33333333333333 5716.42181220997
160 0.2 500 1 1.33333333333333 5737.14214057121
320 0.2 500 1 1.33333333333333 5761.54492982225
20 0.4 500 1 1.33333333333333 5722.99689797212
40 0.4 500 1 1.33333333333333 5716.71075030336
80 0.4 500 1 1.33333333333333 5733.59587308302
160 0.4 500 1 1.33333333333333 5753.33318403885
320 0.4 500 1 1.33333333333333 5768.03611372219
20 0.025 1000 1 1.33333333333333 6263.40559673115
40 0.025 1000 1 1.33333333333333 6010.87675481589
80 0.025 1000 1 1.33333333333333 5832.78312520867
160 0.025 1000 1 1.33333333333333 5747.92029823537
320 0.025 1000 1 1.33333333333333 5747.77690886789
20 0.05 1000 1 1.33333333333333 6065.11462798765
40 0.05 1000 1 1.33333333333333 5874.49774153817
80 0.05 1000 1 1.33333333333333 5758.36752938636
160 0.05 1000 1 1.33333333333333 5723.283711331
320 0.05 1000 1 1.33333333333333 5751.91681800879
20 0.1 1000 1 1.33333333333333 5853.40073014524
40 0.1 1000 1 1.33333333333333 5749.1989906026
80 0.1 1000 1 1.33333333333333 5708.65917465186
160 0.1 1000 1 1.33333333333333 5723.83095529915
320 0.1 1000 1 1.33333333333333 5771.33664957719
20 0.2 1000 1 1.33333333333333 5746.32895834629
40 0.2 1000 1 1.33333333333333 5708.07515195244
80 0.2 1000 1 1.33333333333333 5716.8761209118
160 0.2 1000 1 1.33333333333333 5755.74360560875
320 0.2 1000 1 1.33333333333333 5800.39886349989
20 0.4 1000 1 1.33333333333333 5717.07223343374
40 0.4 1000 1 1.33333333333333 5721.27629889808
80 0.4 1000 1 1.33333333333333 5756.00736957788
160 0.4 1000 1 1.33333333333333 5795.17010051974
320 0.4 1000 1 1.33333333333333 5824.98351148135
20 0.025 2000 1 1.33333333333333 6260.36713698217
40 0.025 2000 1 1.33333333333333 6005.50946681224
80 0.025 2000 1 1.33333333333333 5826.26588772641
160 0.025 2000 1 1.33333333333333 5742.19144977499
320 0.025 2000 1 1.33333333333333 5747.1059635141
20 0.05 2000 1 1.33333333333333 6058.25206722904
40 0.05 2000 1 1.33333333333333 5865.11299106253
80 0.05 2000 1 1.33333333333333 5749.00608172505
160 0.05 2000 1 1.33333333333333 5718.29059479213
320 0.05 2000 1 1.33333333333333 5758.75991119016
20 0.1 2000 1 1.33333333333333 5842.60693473944
40 0.1 2000 1 1.33333333333333 5739.2962766259
80 0.1 2000 1 1.33333333333333 5704.95807146451
160 0.1 2000 1 1.33333333333333 5732.93960619529
320 0.1 2000 1 1.33333333333333 5800.18847767027
20 0.2 2000 1 1.33333333333333 5749.96470111988
40 0.2 2000 1 1.33333333333333 5717.64292814941
80 0.2 2000 1 1.33333333333333 5736.84882141448
160 0.2 2000 1 1.33333333333333 5792.96340499613
320 0.2 2000 1 1.33333333333333 5858.16874314404
20 0.4 2000 1 1.33333333333333 5734.41472947818
40 0.4 2000 1 1.33333333333333 5747.46361491101
80 0.4 2000 1 1.33333333333333 5799.54138372728
160 0.4 2000 1 1.33333333333333 5859.08041908657
320 0.4 2000 1 1.33333333333333 5906.06577932946
20 0.025 4000 1 1.33333333333333 6257.52772008709
40 0.025 4000 1 1.33333333333333 6002.7676085859
80 0.025 4000 1 1.33333333333333 5823.23655591337
160 0.025 4000 1 1.33333333333333 5739.44779363235
320 0.025 4000 1 1.33333333333333 5747.24934007942
20 0.05 4000 1 1.33333333333333 6054.84225552933
40 0.05 4000 1 1.33333333333333 5860.45067991141
80 0.05 4000 1 1.33333333333333 5744.54737531948
160 0.05 4000 1 1.33333333333333 5716.49470470245
320 0.05 4000 1 1.33333333333333 5764.91492800985
20 0.1 4000 1 1.33333333333333 5837.346017924
40 0.1 4000 1 1.33333333333333 5735.2357683668
80 0.1 4000 1 1.33333333333333 5705.45173456725
160 0.1 4000 1 1.33333333333333 5743.21609231399
320 0.1 4000 1 1.33333333333333 5825.87405171825
20 0.2 4000 1 1.33333333333333 5757.70685551661
40 0.2 4000 1 1.33333333333333 5731.14736604246
80 0.2 4000 1 1.33333333333333 5758.86223982736
160 0.2 4000 1 1.33333333333333 5828.79021418152
320 0.2 4000 1 1.33333333333333 5911.13640946467
20 0.4 4000 1 1.33333333333333 5755.99947205305
40 0.4 4000 1 1.33333333333333 5775.86099327573
80 0.4 4000 1 1.33333333333333 5841.62638044549
160 0.4 4000 1 1.33333333333333 5918.34841868261
320 0.4 4000 1 1.33333333333333 5981.01404397653
20 0.025 250 2 1.33333333333333 6138.03068053469
40 0.025 250 2 1.33333333333333 5944.86903961923
80 0.025 250 2 1.33333333333333 5812.06320916578
160 0.025 250 2 1.33333333333333 5749.36265051198
320 0.025 250 2 1.33333333333333 5746.73091440607
20 0.05 250 2 1.33333333333333 5989.73631900998
40 0.05 250 2 1.33333333333333 5850.38560023577
80 0.05 250 2 1.33333333333333 5767.30504344777
160 0.05 250 2 1.33333333333333 5738.97526399064
320 0.05 250 2 1.33333333333333 5748.43286442797
20 0.1 250 2 1.33333333333333 5837.00493580573
40 0.1 250 2 1.33333333333333 5763.85118245349
80 0.1 250 2 1.33333333333333 5732.69797239028
160 0.1 250 2 1.33333333333333 5733.31376913385
320 0.1 250 2 1.33333333333333 5748.28045348196
20 0.2 250 2 1.33333333333333 5753.5019824947
40 0.2 250 2 1.33333333333333 5725.50455339503
80 0.2 250 2 1.33333333333333 5724.05491815055
160 0.2 250 2 1.33333333333333 5734.69791239762
320 0.2 250 2 1.33333333333333 5746.15960000241
20 0.4 250 2 1.33333333333333 5730.29056337803
40 0.4 250 2 1.33333333333333 5723.09520972858
80 0.4 250 2 1.33333333333333 5729.91168394989
160 0.4 250 2 1.33333333333333 5738.24019431152
320 0.4 250 2 1.33333333333333 5744.15319803994
20 0.025 500 2 1.33333333333333 6125.26213056166
40 0.025 500 2 1.33333333333333 5926.95572843412
80 0.025 500 2 1.33333333333333 5790.50643170864
160 0.025 500 2 1.33333333333333 5729.01204186775
320 0.025 500 2 1.33333333333333 5736.69344036964
20 0.05 500 2 1.33333333333333 5965.52983155758
40 0.05 500 2 1.33333333333333 5819.21993564739
80 0.05 500 2 1.33333333333333 5733.86074270444
160 0.05 500 2 1.33333333333333 5711.98225704365
320 0.05 500 2 1.33333333333333 5737.35021388319
20 0.1 500 2 1.33333333333333 5797.09919455876
40 0.1 500 2 1.33333333333333 5721.11126324325
80 0.1 500 2 1.33333333333333 5694.60918592934
160 0.1 500 2 1.33333333333333 5708.49989644756
320 0.1 500 2 1.33333333333333 5742.47311198862
20 0.2 500 2 1.33333333333333 5709.5236180037
40 0.2 500 2 1.33333333333333 5685.01202384122
80 0.2 500 2 1.33333333333333 5695.08812097972
160 0.2 500 2 1.33333333333333 5722.80071148129
320 0.2 500 2 1.33333333333333 5750.95320315438
20 0.4 500 2 1.33333333333333 5690.13255748929
40 0.4 500 2 1.33333333333333 5694.54229307577
80 0.4 500 2 1.33333333333333 5718.08068901268
160 0.4 500 2 1.33333333333333 5741.4965533948
320 0.4 500 2 1.33333333333333 5758.11568349863
20 0.025 1000 2 1.33333333333333 6118.74810006767
40 0.025 1000 2 1.33333333333333 5918.12879579624
80 0.025 1000 2 1.33333333333333 5779.41041157135
160 0.025 1000 2 1.33333333333333 5719.47042143945
320 0.025 1000 2 1.33333333333333 5735.09840489067
20 0.05 1000 2 1.33333333333333 5952.57703934888
40 0.05 1000 2 1.33333333333333 5803.64228228229
80 0.05 1000 2 1.33333333333333 5717.71571132945
160 0.05 1000 2 1.33333333333333 5702.1469142646
320 0.05 1000 2 1.33333333333333 5742.70387570366
20 0.1 1000 2 1.33333333333333 5777.36309334508
40 0.1 1000 2 1.33333333333333 5702.16873533494
80 0.1 1000 2 1.33333333333333 5682.38845890428
160 0.1 1000 2 1.33333333333333 5710.77860582575
320 0.1 1000 2 1.33333333333333 5765.59159791581
20 0.2 1000 2 1.33333333333333 5699.10012422896
40 0.2 1000 2 1.33333333333333 5680.45364979542
80 0.2 1000 2 1.33333333333333 5702.21982258269
160 0.2 1000 2 1.33333333333333 5748.57498514304
320 0.2 1000 2 1.33333333333333 5796.97984952307
20 0.4 1000 2 1.33333333333333 5690.01486085883
40 0.4 1000 2 1.33333333333333 5706.12714600555
80 0.4 1000 2 1.33333333333333 5748.13831491404
160 0.4 1000 2 1.33333333333333 5791.13006030997
320 0.4 1000 2 1.33333333333333 5822.73286495128
20 0.025 2000 2 1.33333333333333 6116.34062212344
40 0.025 2000 2 1.33333333333333 5913.51419706318
80 0.025 2000 2 1.33333333333333 5773.81656442407
160 0.025 2000 2 1.33333333333333 5714.89706966668
320 0.025 2000 2 1.33333333333333 5735.83704485349
20 0.05 2000 2 1.33333333333333 5946.65449712345
40 0.05 2000 2 1.33333333333333 5795.60647213515
80 0.05 2000 2 1.33333333333333 5709.9628448929
160 0.05 2000 2 1.33333333333333 5699.19901885406
320 0.05 2000 2 1.33333333333333 5751.80101571789
20 0.1 2000 2 1.33333333333333 5768.09449053632
40 0.1 2000 2 1.33333333333333 5694.35780821095
80 0.1 2000 2 1.33333333333333 5681.29502140884
160 0.1 2000 2 1.33333333333333 5722.89606641749
320 0.1 2000 2 1.33333333333333 5797.40217507669
20 0.2 2000 2 1.33333333333333 5704.74056843072
40 0.2 2000 2 1.33333333333333 5692.91687662523
80 0.2 2000 2 1.33333333333333 5725.60574753459
160 0.2 2000 2 1.33333333333333 5789.30964359485
320 0.2 2000 2 1.33333333333333 5858.00658058392
20 0.4 2000 2 1.33333333333333 5710.11215660233
40 0.4 2000 2 1.33333333333333 5735.77346704451
80 0.4 2000 2 1.33333333333333 5795.4864372224
160 0.4 2000 2 1.33333333333333 5858.6863840374
320 0.4 2000 2 1.33333333333333 5907.07860420694
20 0.025 4000 2 1.33333333333333 6113.77029858516
40 0.025 4000 2 1.33333333333333 5911.17644236302
80 0.025 4000 2 1.33333333333333 5771.22570076994
160 0.025 4000 2 1.33333333333333 5712.72890024784
320 0.025 4000 2 1.33333333333333 5736.68915144633
20 0.05 4000 2 1.33333333333333 5943.73791756126
40 0.05 4000 2 1.33333333333333 5791.61703864217
80 0.05 4000 2 1.33333333333333 5706.28123741505
160 0.05 4000 2 1.33333333333333 5698.43547438718
320 0.05 4000 2 1.33333333333333 5759.07395539132
20 0.1 4000 2 1.33333333333333 5763.6008656752
40 0.1 4000 2 1.33333333333333 5691.28010351196
80 0.1 4000 2 1.33333333333333 5683.10691187678
160 0.1 4000 2 1.33333333333333 5734.67748159642
320 0.1 4000 2 1.33333333333333 5824.48052672897
20 0.2 4000 2 1.33333333333333 5713.45895085228
40 0.2 4000 2 1.33333333333333 5707.79689008997
80 0.2 4000 2 1.33333333333333 5749.28203214491
160 0.2 4000 2 1.33333333333333 5826.79498287537
320 0.2 4000 2 1.33333333333333 5912.36846106977
20 0.4 4000 2 1.33333333333333 5732.92521714527
40 0.4 4000 2 1.33333333333333 5765.86311543303
80 0.4 4000 2 1.33333333333333 5839.42325914976
160 0.4 4000 2 1.33333333333333 5919.58478813387
320 0.4 4000 2 1.33333333333333 5983.23597354548
20 0.025 250 4 1.33333333333333 6120.26945775486
40 0.025 250 4 1.33333333333333 5932.00005121191
80 0.025 250 4 1.33333333333333 5798.73619732761
160 0.025 250 4 1.33333333333333 5738.90582864569
320 0.025 250 4 1.33333333333333 5740.68780212487
20 0.05 250 4 1.33333333333333 5981.45176803555
40 0.05 250 4 1.33333333333333 5838.98399653708
80 0.05 250 4 1.33333333333333 5754.79230221806
160 0.05 250 4 1.33333333333333 5729.06826653234
320 0.05 250 4 1.33333333333333 5741.96870550352
20 0.1 250 4 1.33333333333333 5831.67125178148
40 0.1 250 4 1.33333333333333 5752.92731122396
80 0.1 250 4 1.33333333333333 5721.32017432668
160 0.1 250 4 1.33333333333333 5724.12730923062
320 0.1 250 4 1.33333333333333 5741.36938964721
20 0.2 250 4 1.33333333333333 5748.2095507909
40 0.2 250 4 1.33333333333333 5715.6840037151
80 0.2 250 4 1.33333333333333 5714.22433773345
160 0.2 250 4 1.33333333333333 5726.22788039741
320 0.2 250 4 1.33333333333333 5738.88763338994
20 0.4 250 4 1.33333333333333 5726.10277224018
40 0.4 250 4 1.33333333333333 5714.91451768343
80 0.4 250 4 1.33333333333333 5721.38621114553
160 0.4 250 4 1.33333333333333 5730.25333867236
320 0.4 250 4 1.33333333333333 5736.65927957544
20 0.025 500 4 1.33333333333333 6108.90137101245
40 0.025 500 4 1.33333333333333 5914.6639167367
80 0.025 500 4 1.33333333333333 5777.52363439546
160 0.025 500 4 1.33333333333333 5719.3171677244
320 0.025 500 4 1.33333333333333 5732.40881057121
20 0.05 500 4 1.33333333333333 5958.06650410064
40 0.05 500 4 1.33333333333333 5808.11734797495
80 0.05 500 4 1.33333333333333 5721.87439730668
160 0.05 500 4 1.33333333333333 5703.58457690117
320 0.05 500 4 1.33333333333333 5733.80057134818
20 0.1 500 4 1.33333333333333 5791.98416721171
40 0.1 500 4 1.33333333333333 5710.29563139033
80 0.1 500 4 1.33333333333333 5684.42849005773
160 0.1 500 4 1.33333333333333 5702.16862031038
320 0.1 500 4 1.33333333333333 5739.81654265316
20 0.2 500 4 1.33333333333333 5704.08452906871
40 0.2 500 4 1.33333333333333 5676.18324910998
80 0.2 500 4 1.33333333333333 5688.11352498143
160 0.2 500 4 1.33333333333333 5718.764772502
320 0.2 500 4 1.33333333333333 5749.06019575745
20 0.4 500 4 1.33333333333333 5687.58765904703
40 0.4 500 4 1.33333333333333 5689.38665757403
80 0.4 500 4 1.33333333333333 5714.10784421396
160 0.4 500 4 1.33333333333333 5739.04915458235
320 0.4 500 4 1.33333333333333 5756.68439158698
20 0.025 1000 4 1.33333333333333 6102.78649217963
40 0.025 1000 4 1.33333333333333 5905.96741218239
80 0.025 1000 4 1.33333333333333 5766.58052240379
160 0.025 1000 4 1.33333333333333 5710.21696888285
320 0.025 1000 4 1.33333333333333 5731.89492735188
20 0.05 1000 4 1.33333333333333 5945.71986262271
40 0.05 1000 4 1.33333333333333 5792.64681344416
80 0.05 1000 4 1.33333333333333 5705.99348172826
160 0.05 1000 4 1.33333333333333 5694.74728949006
320 0.05 1000 4 1.33333333333333 5741.16702407253
20 0.1 1000 4 1.33333333333333 5772.15811469617
40 0.1 1000 4 1.33333333333333 5691.27406301294
80 0.1 1000 4 1.33333333333333 5672.98872187793
160 0.1 1000 4 1.33333333333333 5706.65048408451
320 0.1 1000 4 1.33333333333333 5766.14447688525
20 0.2 1000 4 1.33333333333333 5692.87813738886
40 0.2 1000 4 1.33333333333333 5672.15709910894
80 0.2 1000 4 1.33333333333333 5697.54708489675
160 0.2 1000 4 1.33333333333333 5748.19240552053
320 0.2 1000 4 1.33333333333333 5799.26645006515
20 0.4 1000 4 1.33333333333333 5688.22417172685
40 0.4 1000 4 1.33333333333333 5703.4892007171
80 0.4 1000 4 1.33333333333333 5748.11992498807
160 0.4 1000 4 1.33333333333333 5793.28266328888
320 0.4 1000 4 1.33333333333333 5825.97701521773
20 0.025 2000 4 1.33333333333333 6100.40956886984
40 0.025 2000 4 1.33333333333333 5901.49314182333
80 0.025 2000 4 1.33333333333333 5761.0831446123
160 0.025 2000 4 1.33333333333333 5705.87220816249
320 0.025 2000 4 1.33333333333333 5733.24125307762
20 0.05 2000 4 1.33333333333333 5939.85483830892
40 0.05 2000 4 1.33333333333333 5784.62113633741
80 0.05 2000 4 1.33333333333333 5698.3745832944
160 0.05 2000 4 1.33333333333333 5692.39075796309
320 0.05 2000 4 1.33333333333333 5751.44814197153
20 0.1 2000 4 1.33333333333333 5762.8763742676
40 0.1 2000 4 1.33333333333333 5683.35266380249
80 0.1 2000 4 1.33333333333333 5672.36062898885
160 0.1 2000 4 1.33333333333333 5720.14295000734
320 0.1 2000 4 1.33333333333333 5799.82898809401
20 0.2 2000 4 1.33333333333333 5697.75854623342
40 0.2 2000 4 1.33333333333333 5684.81848997683
80 0.2 2000 4 1.33333333333333 5722.36932267801
160 0.2 2000 4 1.33333333333333 5791.16621464868
320 0.2 2000 4 1.33333333333333 5862.55605596137
20 0.4 2000 4 1.33333333333333 5708.46952209415
40 0.4 2000 4 1.33333333333333 5734.64785475988
80 0.4 2000 4 1.33333333333333 5798.01187477808
160 0.4 2000 4 1.33333333333333 5863.5172939086
320 0.4 2000 4 1.33333333333333 5912.57162381439
20 0.025 4000 4 1.33333333333333 6098.57211786977
40 0.025 4000 4 1.33333333333333 5899.15648282149
80 0.025 4000 4 1.33333333333333 5758.51475048937
160 0.025 4000 4 1.33333333333333 5703.8229578066
320 0.025 4000 4 1.33333333333333 5734.4137108991
20 0.05 4000 4 1.33333333333333 5936.93497371179
40 0.05 4000 4 1.33333333333333 5780.64209469142
80 0.05 4000 4 1.33333333333333 5694.74820986956
160 0.05 4000 4 1.33333333333333 5691.94196054428
320 0.05 4000 4 1.33333333333333 5759.35473098191
20 0.1 4000 4 1.33333333333333 5758.32118383432
40 0.1 4000 4 1.33333333333333 5680.2008900677
80 0.1 4000 4 1.33333333333333 5674.42389825349
160 0.1 4000 4 1.33333333333333 5732.68771095708
320 0.1 4000 4 1.33333333333333 5827.87080625247
20 0.2 4000 4 1.33333333333333 5705.94765847352
40 0.2 4000 4 1.33333333333333 5699.73819931255
80 0.2 4000 4 1.33333333333333 5746.82262211348
160 0.2 4000 4 1.33333333333333 5829.8409146701
320 0.2 4000 4 1.33333333333333 5917.92110954925
20 0.4 4000 4 1.33333333333333 5731.22164290945
40 0.4 4000 4 1.33333333333333 5765.5675704635
80 0.4 4000 4 1.33333333333333 5843.40041209204
160 0.4 4000 4 1.33333333333333 5925.73643311119
320 0.4 4000 4 1.33333333333333 5989.44685282433
20 0.025 250 8 1.33333333333333 6325.17895390051
40 0.025 250 8 1.33333333333333 6161.41973447949
80 0.025 250 8 1.33333333333333 5976.75793229991
160 0.025 250 8 1.33333333333333 5854.79346940726
320 0.025 250 8 1.33333333333333 5817.09517649745
20 0.05 250 8 1.33333333333333 6207.54362874142
40 0.05 250 8 1.33333333333333 6051.68041016325
80 0.05 250 8 1.33333333333333 5911.48771388719
160 0.05 250 8 1.33333333333333 5836.94299988718
320 0.05 250 8 1.33333333333333 5821.76497757625
20 0.1 250 8 1.33333333333333 6041.2490749806
40 0.1 250 8 1.33333333333333 5930.40599668197
80 0.1 250 8 1.33333333333333 5852.69069274792
160 0.1 250 8 1.33333333333333 5823.88360843514
320 0.1 250 8 1.33333333333333 5824.46657723559
20 0.2 250 8 1.33333333333333 5930.85163827925
40 0.2 250 8 1.33333333333333 5860.91906539953
80 0.2 250 8 1.33333333333333 5826.86934868367
160 0.2 250 8 1.33333333333333 5820.51427822593
320 0.2 250 8 1.33333333333333 5824.14947136374
20 0.4 250 8 1.33333333333333 5887.42235581619
40 0.4 250 8 1.33333333333333 5838.82131185555
80 0.4 250 8 1.33333333333333 5823.48315982183
160 0.4 250 8 1.33333333333333 5821.68646393803
320 0.4 250 8 1.33333333333333 5823.01018466945
20 0.025 500 8 1.33333333333333 6317.56054684551
40 0.025 500 8 1.33333333333333 6143.2117433478
80 0.025 500 8 1.33333333333333 5947.37437884967
160 0.025 500 8 1.33333333333333 5822.53420539438
320 0.025 500 8 1.33333333333333 5794.52664616331
20 0.05 500 8 1.33333333333333 6183.89729774906
40 0.05 500 8 1.33333333333333 6012.25541812766
80 0.05 500 8 1.33333333333333 5861.73214645703
160 0.05 500 8 1.33333333333333 5790.29301096396
320 0.05 500 8 1.33333333333333 5791.30355029892
20 0.1 500 8 1.33333333333333 5989.83045883223
40 0.1 500 8 1.33333333333333 5866.97356287393
80 0.1 500 8 1.33333333333333 5788.43493838552
160 0.1 500 8 1.33333333333333 5772.15159929476
320 0.1 500 8 1.33333333333333 5792.94890186504
20 0.2 500 8 1.33333333333333 5865.47765277038
40 0.2 500 8 1.33333333333333 5791.35823209995
80 0.2 500 8 1.33333333333333 5766.59680219628
160 0.2 500 8 1.33333333333333 5778.12792811989
320 0.2 500 8 1.33333333333333 5799.49171466835
20 0.4 500 8 1.33333333333333 5824.31450461139
40 0.4 500 8 1.33333333333333 5779.41781809281
80 0.4 500 8 1.33333333333333 5779.49504148892
160 0.4 500 8 1.33333333333333 5793.27837828663
320 0.4 500 8 1.33333333333333 5805.80605898409
20 0.025 1000 8 1.33333333333333 6311.92246360694
40 0.025 1000 8 1.33333333333333 6133.03166116372
80 0.025 1000 8 1.33333333333333 5931.75144298169
160 0.025 1000 8 1.33333333333333 5806.68895454396
320 0.025 1000 8 1.33333333333333 5786.67639085542
20 0.05 1000 8 1.33333333333333 6172.27886725513
40 0.05 1000 8 1.33333333333333 5991.90354495514
80 0.05 1000 8 1.33333333333333 5836.54749733139
160 0.05 1000 8 1.33333333333333 5769.99353466775
320 0.05 1000 8 1.33333333333333 5787.19416932499
20 0.1 1000 8 1.33333333333333 5962.89442784483
40 0.1 1000 8 1.33333333333333 5836.17365783942
80 0.1 1000 8 1.33333333333333 5761.57903495727
160 0.1 1000 8 1.33333333333333 5760.68542825426
320 0.1 1000 8 1.33333333333333 5804.171711523
20 0.2 1000 8 1.33333333333333 5840.8564818787
40 0.2 1000 8 1.33333333333333 5769.71345835748
80 0.2 1000 8 1.33333333333333 5757.52280940745
160 0.2 1000 8 1.33333333333333 5789.85497495582
320 0.2 1000 8 1.33333333333333 5832.67520710803
20 0.4 1000 8 1.33333333333333 5810.73000215735
40 0.4 1000 8 1.33333333333333 5775.48880238375
80 0.4 1000 8 1.33333333333333 5795.36261542224
160 0.4 1000 8 1.33333333333333 5829.62317636837
320 0.4 1000 8 1.33333333333333 5857.21110125888
20 0.025 2000 8 1.33333333333333 6309.28026718372
40 0.025 2000 8 1.33333333333333 6128.22855773347
80 0.025 2000 8 1.33333333333333 5924.04303868331
160 0.025 2000 8 1.33333333333333 5798.87994584236
320 0.025 2000 8 1.33333333333333 5784.31894245944
20 0.05 2000 8 1.33333333333333 6165.34576874183
40 0.05 2000 8 1.33333333333333 5981.01323546738
80 0.05 2000 8 1.33333333333333 5824.0300964784
160 0.05 2000 8 1.33333333333333 5761.72617918568
320 0.05 2000 8 1.33333333333333 5791.80069595094
20 0.1 2000 8 1.33333333333333 5950.08212069539
40 0.1 2000 8 1.33333333333333 5821.62589574675
80 0.1 2000 8 1.33333333333333 5752.75331037085
160 0.1 2000 8 1.33333333333333 5766.16852512153
320 0.1 2000 8 1.33333333333333 5830.73909796404
20 0.2 2000 8 1.33333333333333 5838.24454457375
40 0.2 2000 8 1.33333333333333 5772.70305559877
80 0.2 2000 8 1.33333333333333 5772.93237160947
160 0.2 2000 8 1.33333333333333 5824.61203684325
320 0.2 2000 8 1.33333333333333 5888.28384608404
20 0.4 2000 8 1.33333333333333 5823.57032935816
40 0.4 2000 8 1.33333333333333 5798.04299684245
80 0.4 2000 8 1.33333333333333 5837.18474575496
160 0.4 2000 8 1.33333333333333 5892.11997435382
320 0.4 2000 8 1.33333333333333 5935.66411424107
20 0.025 4000 8 1.33333333333333 6309.48063001071
40 0.025 4000 8 1.33333333333333 6125.38354365658
80 0.025 4000 8 1.33333333333333 5920.27148459152
160 0.025 4000 8 1.33333333333333 5795.11369142597
320 0.025 4000 8 1.33333333333333 5783.64605920163
20 0.05 4000 8 1.33333333333333 6161.94068801713
40 0.05 4000 8 1.33333333333333 5975.59522909452
80 0.05 4000 8 1.33333333333333 5817.95807497048
160 0.05 4000 8 1.33333333333333 5758.29887787832
320 0.05 4000 8 1.33333333333333 5796.91937131853
20 0.1 4000 8 1.33333333333333 5943.45789933598
40 0.1 4000 8 1.33333333333333 5815.18803970471
80 0.1 4000 8 1.33333333333333 5750.63594945534
160 0.1 4000 8 1.33333333333333 5774.74280357786
320 0.1 4000 8 1.33333333333333 5855.46555245798
20 0.2 4000 8 1.33333333333333 5842.3588294956
40 0.2 4000 8 1.33333333333333 5782.69356669769
80 0.2 4000 8 1.33333333333333 5792.77699120072
160 0.2 4000 8 1.33333333333333 5859.58773903458
320 0.2 4000 8 1.33333333333333 5940.17424326276
20 0.4 4000 8 1.33333333333333 5842.75977923258
40 0.4 4000 8 1.33333333333333 5824.91694037186
80 0.4 4000 8 1.33333333333333 5879.22966323553
160 0.4 4000 8 1.33333333333333 5951.11706134266
320 0.4 4000 8 1.33333333333333 6008.57298078818
20 0.025 250 0 1.66666666666667 7153.32271509828
40 0.025 250 0 1.66666666666667 6525.07338901883
80 0.025 250 0 1.66666666666667 6144.01073733541
160 0.025 250 0 1.66666666666667 5939.7754643703
320 0.025 250 0 1.66666666666667 5853.95972642351
20 0.05 250 0 1.66666666666667 6697.16205588458
40 0.05 250 0 1.66666666666667 6270.84294572213
80 0.05 250 0 1.66666666666667 6027.92287841833
160 0.05 250 0 1.66666666666667 5908.81925035578
320 0.05 250 0 1.66666666666667 5864.21012331572
20 0.1 250 0 1.66666666666667 6293.29514268736
40 0.1 250 0 1.66666666666667 6059.33575586166
80 0.1 250 0 1.66666666666667 5938.80885887153
160 0.1 250 0 1.66666666666667 5887.46245174849
320 0.1 250 0 1.66666666666667 5870.76580023354
20 0.2 250 0 1.66666666666667 6070.17774006563
40 0.2 250 0 1.66666666666667 5951.76495245096
80 0.2 250 0 1.66666666666667 5899.00187899678
160 0.2 250 0 1.66666666666667 5879.24329000407
320 0.2 250 0 1.66666666666667 5872.97534743358
20 0.4 250 0 1.66666666666667 5967.80234912778
40 0.4 250 0 1.66666666666667 5908.60242957147
80 0.4 250 0 1.66666666666667 5885.44856042633
160 0.4 250 0 1.66666666666667 5876.82913940021
320 0.4 250 0 1.66666666666667 5873.54213781622
20 0.025 500 0 1.66666666666667 7110.99889782279
40 0.025 500 0 1.66666666666667 6471.1771981115
80 0.025 500 0 1.66666666666667 6082.82322626931
160 0.025 500 0 1.66666666666667 5876.01547250217
320 0.025 500 0 1.66666666666667 5798.55632547062
20 0.05 500 0 1.66666666666667 6623.35348549687
40 0.05 500 0 1.66666666666667 6183.60109194377
80 0.05 500 0 1.66666666666667 5934.43550830134
160 0.05 500 0 1.66666666666667 5818.65962556139
320 0.05 500 0 1.66666666666667 5788.09295631104
20 0.1 500 0 1.66666666666667 6183.82707632498
40 0.1 500 0 1.66666666666667 5942.50222525853
80 0.1 500 0 1.66666666666667 5824.23579682545
160 0.1 500 0 1.66666666666667 5784.0007111009
320 0.1 500 0 1.66666666666667 5784.2794462406
20 0.2 500 0 1.66666666666667 5945.51748482044
40 0.2 500 0 1.66666666666667 5826.54869756806
80 0.2 500 0 1.66666666666667 5783.5164307688
160 0.2 500 0 1.66666666666667 5778.82002893305
320 0.2 500 0 1.66666666666667 5786.67022078063
20 0.4 500 0 1.66666666666667 5840.77567591004
40 0.4 500 0 1.66666666666667 5789.83018596988
80 0.4 500 0 1.66666666666667 5780.59037627898
160 0.4 500 0 1.66666666666667 5784.41868321829
320 0.4 500 0 1.66666666666667 5789.70016273471
20 0.025 1000 0 1.66666666666667 7088.36373409883
40 0.025 1000 0 1.66666666666667 6445.02470491097
80 0.025 1000 0 1.66666666666667 6051.34855872224
160 0.025 1000 0 1.66666666666667 5844.42933082689
320 0.025 1000 0 1.66666666666667 5775.05750884407
20 0.05 1000 0 1.66666666666667 6584.75224189609
40 0.05 1000 0 1.66666666666667 6139.97879737633
80 0.05 1000 0 1.66666666666667 5887.74380708912
160 0.05 1000 0 1.66666666666667 5777.63068245874
320 0.05 1000 0 1.66666666666667 5763.06768825142
20 0.1 1000 0 1.66666666666667 6128.5594755112
40 0.1 1000 0 1.66666666666667 5887.78537180296
80 0.1 1000 0 1.66666666666667 5775.1056078398
160 0.1 1000 0 1.66666666666667 5748.85491815783
320 0.1 1000 0 1.66666666666667 5769.99290493253
20 0.2 1000 0 1.66666666666667 5894.08690276851
40 0.2 1000 0 1.66666666666667 5778.85360668413
80 0.2 1000 0 1.66666666666667 5747.34699391802
160 0.2 1000 0 1.66666666666667 5761.50149414738
320 0.2 1000 0 1.66666666666667 5789.40254803843
20 0.4 1000 0 1.66666666666667 5793.54910260528
40 0.4 1000 0 1.66666666666667 5754.66526391109
80 0.4 1000 0 1.66666666666667 5764.31733848221
160 0.4 1000 0 1.66666666666667 5787.16194101273
320 0.4 1000 0 1.66666666666667 5806.67960743725
20 0.025 2000 0 1.66666666666667 7077.16916357355
40 0.025 2000 0 1.66666666666667 6431.59871454522
80 0.025 2000 0 1.66666666666667 6035.59834092862
160 0.025 2000 0 1.66666666666667 5828.89169203634
320 0.025 2000 0 1.66666666666667 5765.58526219407
20 0.05 2000 0 1.66666666666667 6566.39289004533
40 0.05 2000 0 1.66666666666667 6117.60924560367
80 0.05 2000 0 1.66666666666667 5864.92505296893
160 0.05 2000 0 1.66666666666667 5760.41197921419
320 0.05 2000 0 1.66666666666667 5760.3393013096
20 0.1 2000 0 1.66666666666667 6103.23946230142
40 0.1 2000 0 1.66666666666667 5863.88749820621
80 0.1 2000 0 1.66666666666667 5759.58759000212
160 0.1 2000 0 1.66666666666667 5747.84927315814
320 0.1 2000 0 1.66666666666667 5790.04007951512
20 0.2 2000 0 1.66666666666667 5885.71539278567
40 0.2 2000 0 1.66666666666667 5774.56744197779
80 0.2 2000 0 1.66666666666667 5753.80395476645
160 0.2 2000 0 1.66666666666667 5786.48443023483
320 0.2 2000 0 1.66666666666667 5836.09188540548
20 0.4 2000 0 1.66666666666667 5792.36149171106
40 0.4 2000 0 1.66666666666667 5764.32217475398
80 0.4 2000 0 1.66666666666667 5793.24733114431
160 0.4 2000 0 1.66666666666667 5837.78546157284
320 0.4 2000 0 1.66666666666667 5874.99639358243
20 0.025 4000 0 1.66666666666667 7071.80883477927
40 0.025 4000 0 1.66666666666667 6424.52727980456
80 0.025 4000 0 1.66666666666667 6027.89091600524
160 0.025 4000 0 1.66666666666667 5821.30578331248
320 0.025 4000 0 1.66666666666667 5761.73202810149
20 0.05 4000 0 1.66666666666667 6557.48643070725
40 0.05 4000 0 1.66666666666667 6106.45707573579
80 0.05 4000 0 1.66666666666667 5854.03514935747
160 0.05 4000 0 1.66666666666667 5753.36739651761
320 0.05 4000 0 1.66666666666667 5763.90743492873
20 0.1 4000 0 1.66666666666667 6091.15924429864
40 0.1 4000 0 1.66666666666667 5854.5616597437
80 0.1 4000 0 1.66666666666667 5757.30514789159
160 0.1 4000 0 1.66666666666667 5757.7740545504
320 0.1 4000 0 1.66666666666667 5817.66135251938
20 0.2 4000 0 1.66666666666667 5893.12778409304
40 0.2 4000 0 1.66666666666667 5786.68781829501
80 0.2 4000 0 1.66666666666667 5774.50506356814
160 0.2 4000 0 1.66666666666667 5822.47161096792
320 0.2 4000 0 1.66666666666667 5891.3135137774
20 0.4 4000 0 1.66666666666667 5808.36105306766
40 0.4 4000 0 1.66666666666667 5788.66105970248
80 0.4 4000 0 1.66666666666667 5833.68262618848
160 0.4 4000 0 1.66666666666667 5897.89739517292
320 0.4 4000 0 1.66666666666667 5952.64501016965
20 0.025 250 1 1.66666666666667 6307.75159067113
40 0.025 250 1 1.66666666666667 6081.97145512121
80 0.025 250 1 1.66666666666667 5910.74736607898
160 0.025 250 1 1.66666666666667 5813.01418668195
320 0.025 250 1 1.66666666666667 5780.81363892511
20 0.05 250 1 1.66666666666667 6110.9925310237
40 0.05 250 1 1.66666666666667 5951.96912471774
80 0.05 250 1 1.66666666666667 5846.16087305755
160 0.05 250 1 1.66666666666667 5795.9343484866
320 0.05 250 1 1.66666666666667 5785.76577201781
20 0.1 250 1 1.66666666666667 5932.03099697897
40 0.1 250 1 1.66666666666667 5846.62168616491
80 0.1 250 1 1.66666666666667 5800.46691085653
160 0.1 250 1 1.66666666666667 5786.06131046678
320 0.1 250 1 1.66666666666667 5787.86258366472
20 0.2 250 1 1.66666666666667 5843.09001812713
40 0.2 250 1 1.66666666666667 5800.49248045677
80 0.2 250 1 1.66666666666667 5785.43625025011
160 0.2 250 1 1.66666666666667 5784.43439667664
320 0.2 250 1 1.66666666666667 5787.48653122715
20 0.4 250 1 1.66666666666667 5806.89643626649
40 0.4 250 1 1.66666666666667 5787.56553012392
80 0.4 250 1 1.66666666666667 5784.13091726527
160 0.4 250 1 1.66666666666667 5785.25382523426
320 0.4 250 1 1.66666666666667 5786.79873226752
20 0.025 500 1 1.66666666666667 6288.87974043095
40 0.025 500 1 1.66666666666667 6053.11674757076
80 0.025 500 1 1.66666666666667 5874.51263388093
160 0.025 500 1 1.66666666666667 5774.76039900948
320 0.025 500 1 1.66666666666667 5749.98498024555
20 0.05 500 1 1.66666666666667 6072.17937506048
40 0.05 500 1 1.66666666666667 5902.34946977561
80 0.05 500 1 1.66666666666667 5790.69249214427
160 0.05 500 1 1.66666666666667 5743.44558728823
320 0.05 500 1 1.66666666666667 5745.9528784823
20 0.1 500 1 1.66666666666667 5870.1520178755
40 0.1 500 1 1.66666666666667 5779.02953686034
80 0.1 500 1 1.66666666666667 5734.31420837431
160 0.1 500 1 1.66666666666667 5729.83463478059
320 0.1 500 1 1.66666666666667 5747.38117000549
20 0.2 500 1 1.66666666666667 5772.29405158873
40 0.2 500 1 1.66666666666667 5729.62724998718
80 0.2 500 1 1.66666666666667 5723.27125215752
160 0.2 500 1 1.66666666666667 5736.27397016126
320 0.2 500 1 1.66666666666667 5752.74631692904
20 0.4 500 1 1.66666666666667 5735.13770292016
40 0.4 500 1 1.66666666666667 5724.54839665457
80 0.4 500 1 1.66666666666667 5734.47078918581
160 0.4 500 1 1.66666666666667 5747.46361907069
320 0.4 500 1 1.66666666666667 5757.23016750652
20 0.025 1000 1 1.66666666666667 6279.20096331734
40 0.025 1000 1 1.66666666666667 6038.73182781685
80 0.025 1000 1 1.66666666666667 5855.84575942437
160 0.025 1000 1 1.66666666666667 5755.96796860642
320 0.025 1000 1 1.66666666666667 5738.17744806154
20 0.05 1000 1 1.66666666666667 6051.99603036524
40 0.05 1000 1 1.66666666666667 5877.08312947775
80 0.05 1000 1 1.66666666666667 5763.19996957767
160 0.05 1000 1 1.66666666666667 5720.87796999723
320 0.05 1000 1 1.66666666666667 5737.47753701955
20 0.1 1000 1 1.66666666666667 5839.8066309097
40 0.1 1000 1 1.66666666666667 5748.9491348897
80 0.1 1000 1 1.66666666666667 5708.99710023632
160 0.1 1000 1 1.66666666666667 5716.58193831812
320 0.1 1000 1 1.66666666666667 5753.05374708025
20 0.2 1000 1 1.66666666666667 5749.4105008302
40 0.2 1000 1 1.66666666666667 5708.68803532637
80 0.2 1000 1 1.66666666666667 5711.76826484592
160 0.2 1000 1 1.66666666666667 5741.89746568996
320 0.2 1000 1 1.66666666666667 5777.10764413615
20 0.4 1000 1 1.66666666666667 5715.2904324294
40 0.4 1000 1 1.66666666666667 5715.28896005917
80 0.4 1000 1 1.66666666666667 5742.52100629475
160 0.4 1000 1 1.66666666666667 5773.38444329813
320 0.4 1000 1 1.66666666666667 5796.56665462158
20 0.025 2000 1 1.66666666666667 6274.80445071026
40 0.025 2000 1 1.66666666666667 6031.3149694261
80 0.025 2000 1 1.66666666666667 5846.42780245773
160 0.025 2000 1 1.66666666666667 5746.78995917579
320 0.025 2000 1 1.66666666666667 5734.307000306
20 0.05 2000 1 1.66666666666667 6041.77301210829
40 0.05 2000 1 1.66666666666667 5864.21361068847
80 0.05 2000 1 1.66666666666667 5750.03639419001
160 0.05 2000 1 1.66666666666667 5712.59815739999
320 0.05 2000 1 1.66666666666667 5742.21644990257
20 0.1 2000 1 1.66666666666667 5826.40295100447
40 0.1 2000 1 1.66666666666667 5737.87545835274
80 0.1 2000 1 1.66666666666667 5704.98813839913
160 0.1 2000 1 1.66666666666667 5725.38439338261
320 0.1 2000 1 1.66666666666667 5781.39503084401
20 0.2 2000 1 1.66666666666667 5754.96580856519
40 0.2 2000 1 1.66666666666667 5717.16650101531
80 0.2 2000 1 1.66666666666667 5729.2253227389
160 0.2 2000 1 1.66666666666667 5776.43130463058
320 0.2 2000 1 1.66666666666667 5832.20527372381
20 0.4 2000 1 1.66666666666667 5726.92808782813
40 0.4 2000 1 1.66666666666667 5736.37639250063
80 0.4 2000 1 1.66666666666667 5781.72180680014
160 0.4 2000 1 1.66666666666667 5833.17176582426
320 0.4 2000 1 1.66666666666667 5873.16842191651
20 0.025 4000 1 1.66666666666667 6271.60627096263
40 0.025 4000 1 1.66666666666667 6027.28322433044
80 0.025 4000 1 1.66666666666667 5841.7561444704
160 0.025 4000 1 1.66666666666667 5742.34651399748
320 0.025 4000 1 1.66666666666667 5733.16711632988
20 0.05 4000 1 1.66666666666667 6037.03849706316
40 0.05 4000 1 1.66666666666667 5857.82259634139
80 0.05 4000 1 1.66666666666667 5743.84442855513
160 0.05 4000 1 1.66666666666667 5709.88636467358
320 0.05 4000 1 1.66666666666667 5749.23887297408
20 0.1 4000 1 1.66666666666667 5820.36801917723
40 0.1 4000 1 1.66666666666667 5734.74929489495
80 0.1 4000 1 1.66666666666667 5708.24274948302
160 0.1 4000 1 1.66666666666667 5739.79929003814
320 0.1 4000 1 1.66666666666667 5812.56037720471
20 0.2 4000 1 1.66666666666667 5769.36309177967
40 0.2 4000 1 1.66666666666667 5735.21207066141
80 0.2 4000 1 1.66666666666667 5754.87015052338
160 0.2 4000 1 1.66666666666667 5816.48991714839
320 0.2 4000 1 1.66666666666667 5890.70901012466
20 0.4 4000 1 1.66666666666667 5748.86299913437
40 0.4 4000 1 1.66666666666667 5765.94550001134
80 0.4 4000 1 1.66666666666667 5826.63837918421
160 0.4 4000 1 1.66666666666667 5896.96669172907
320 0.4 4000 1 1.66666666666667 5953.74388849559
20 0.025 250 2 1.66666666666667 6151.1976259384
40 0.025 250 2 1.66666666666667 5972.58848620997
80 0.025 250 2 1.66666666666667 5841.47692736336
160 0.025 250 2 1.66666666666667 5769.55740428126
320 0.025 250 2 1.66666666666667 5752.67576807943
20 0.05 250 2 1.66666666666667 5987.91470156509
40 0.05 250 2 1.66666666666667 5865.44905969229
80 0.05 250 2 1.66666666666667 5788.31775696833
160 0.05 250 2 1.66666666666667 5755.96851333522
320 0.05 250 2 1.66666666666667 5756.09362273665
20 0.1 250 2 1.66666666666667 5842.5477786956
40 0.1 250 2 1.66666666666667 5781.75043685966
80 0.1 250 2 1.66666666666667 5753.1906843014
160 0.1 250 2 1.66666666666667 5749.24264907885
320 0.1 250 2 1.66666666666667 5756.85286843725
20 0.2 250 2 1.66666666666667 5777.81363935264
40 0.2 250 2 1.66666666666667 5750.45033050136
80 0.2 250 2 1.66666666666667 5745.11301512974
160 0.2 250 2 1.66666666666667 5749.63364385597
320 0.2 250 2 1.66666666666667 5755.64594294967
20 0.4 250 2 1.66666666666667 5757.24950805805
40 0.4 250 2 1.66666666666667 5746.03381451088
80 0.4 250 2 1.66666666666667 5747.60915043732
160 0.4 250 2 1.66666666666667 5751.51588071439
320 0.4 250 2 1.66666666666667 5754.53148579739
20 0.025 500 2 1.66666666666667 6135.24681446127
40 0.025 500 2 1.66666666666667 5948.25375287036
80 0.025 500 2 1.66666666666667 5810.59091144953
160 0.025 500 2 1.66666666666667 5737.53865012114
320 0.025 500 2 1.66666666666667 5729.22585878607
20 0.05 500 2 1.66666666666667 5954.65138297143
40 0.05 500 2 1.66666666666667 5823.18987391903
80 0.05 500 2 1.66666666666667 5741.40352818765
160 0.05 500 2 1.66666666666667 5713.31735367996
320 0.05 500 2 1.66666666666667 5727.42382578904
20 0.1 500 2 1.66666666666667 5789.13919682736
40 0.1 500 2 1.66666666666667 5724.63210169952
80 0.1 500 2 1.66666666666667 5699.05250769243
160 0.1 500 2 1.66666666666667 5706.47704369399
320 0.1 500 2 1.66666666666667 5730.86449119158
20 0.2 500 2 1.66666666666667 5718.00526642344
40 0.2 500 2 1.66666666666667 5692.83876595827
80 0.2 500 2 1.66666666666667 5697.81070048867
160 0.2 500 2 1.66666666666667 5717.42391795535
320 0.2 500 2 1.66666666666667 5737.4999453472
20 0.4 500 2 1.66666666666667 5698.94983674305
40 0.4 500 2 1.66666666666667 5698.39383262377
80 0.4 500 2 1.66666666666667 5714.54618482021
160 0.4 500 2 1.66666666666667 5731.02283493027
320 0.4 500 2 1.66666666666667 5742.64215455314
20 0.025 1000 2 1.66666666666667 6127.13811075931
40 0.025 1000 2 1.66666666666667 5936.02967024617
80 0.025 1000 2 1.66666666666667 5794.69661409973
160 0.025 1000 2 1.66666666666667 5722.01613525539
320 0.025 1000 2 1.66666666666667 5721.4170299941
20 0.05 1000 2 1.66666666666667 5937.36441832311
40 0.05 1000 2 1.66666666666667 5801.5394172906
80 0.05 1000 2 1.66666666666667 5718.34846027422
160 0.05 1000 2 1.66666666666667 5696.16726721971
320 0.05 1000 2 1.66666666666667 5725.21495847863
20 0.1 1000 2 1.66666666666667 5763.11511251698
40 0.1 1000 2 1.66666666666667 5699.84001838328
80 0.1 1000 2 1.66666666666667 5680.35361601375
160 0.1 1000 2 1.66666666666667 5700.98670257451
320 0.1 1000 2 1.66666666666667 5744.83922762268
20 0.2 1000 2 1.66666666666667 5700.85688260044
40 0.2 1000 2 1.66666666666667 5679.21577279757
80 0.2 1000 2 1.66666666666667 5694.87748084525
160 0.2 1000 2 1.66666666666667 5732.3551140432
320 0.2 1000 2 1.66666666666667 5771.38106856357
20 0.4 1000 2 1.66666666666667 5686.5576624184
40 0.4 1000 2 1.66666666666667 5698.01779297816
80 0.4 1000 2 1.66666666666667 5732.31103648381
160 0.4 1000 2 1.66666666666667 5767.00756954745
320 0.4 1000 2 1.66666666666667 5792.08020866373
20 0.025 2000 2 1.66666666666667 6123.50804611052
40 0.025 2000 2 1.66666666666667 5929.72046618863
80 0.025 2000 2 1.66666666666667 5786.65017627002
160 0.025 2000 2 1.66666666666667 5714.51010671801
320 0.025 2000 2 1.66666666666667 5719.63646231063
20 0.05 2000 2 1.66666666666667 5928.52268705526
40 0.05 2000 2 1.66666666666667 5790.54758874624
80 0.05 2000 2 1.66666666666667 5707.46314683834
160 0.05 2000 2 1.66666666666667 5690.76637785586
320 0.05 2000 2 1.66666666666667 5733.22787638927
20 0.1 2000 2 1.66666666666667 5751.72417149206
40 0.1 2000 2 1.66666666666667 5691.55294023695
80 0.1 2000 2 1.66666666666667 5679.8712629931
160 0.1 2000 2 1.66666666666667 5713.8940256152
320 0.1 2000 2 1.66666666666667 5777.35424647223
20 0.2 2000 2 1.66666666666667 5709.03803495861
40 0.2 2000 2 1.66666666666667 5691.48395019876
80 0.2 2000 2 1.66666666666667 5716.84285497665
160 0.2 2000 2 1.66666666666667 5771.62831058373
320 0.2 2000 2 1.66666666666667 5831.03525022306
20 0.4 2000 2 1.66666666666667 5701.84171183483
40 0.4 2000 2 1.66666666666667 5723.63872988764
80 0.4 2000 2 1.66666666666667 5776.52322594511
160 0.4 2000 2 1.66666666666667 5831.72353240865
320 0.4 2000 2 1.66666666666667 5873.30038393126
20 0.025 4000 2 1.66666666666667 6120.71058609534
40 0.025 4000 2 1.66666666666667 5926.25852634476
80 0.025 4000 2 1.66666666666667 5782.6345468005
160 0.025 4000 2 1.66666666666667 5710.90802986848
320 0.025 4000 2 1.66666666666667 5719.55971969049
20 0.05 4000 2 1.66666666666667 5924.45503584965
40 0.05 4000 2 1.66666666666667 5785.09648373137
80 0.05 4000 2 1.66666666666667 5702.38905206619
160 0.05 4000 2 1.66666666666667 5689.53076111646
320 0.05 4000 2 1.66666666666667 5741.89022404403
20 0.1 4000 2 1.66666666666667 5746.68364331941
40 0.1 4000 2 1.66666666666667 5689.75896440208
80 0.1 4000 2 1.66666666666667 5684.92216300447
160 0.1 4000 2 1.66666666666667 5730.36704845178
320 0.1 4000 2 1.66666666666667 5810.48517725008
20 0.2 4000 2 1.66666666666667 5724.6746016059
40 0.2 4000 2 1.66666666666667 5711.34100146784
80 0.2 4000 2 1.66666666666667 5744.69379662785
160 0.2 4000 2 1.66666666666667 5813.92822455778
320 0.2 4000 2 1.66666666666667 5891.50994938271
20 0.4 4000 2 1.66666666666667 5725.42103381444
40 0.4 4000 2 1.66666666666667 5755.43009746211
80 0.4 4000 2 1.66666666666667 5823.87267131824
160 0.4 4000 2 1.66666666666667 5897.73005906377
320 0.4 4000 2 1.66666666666667 5955.66213286258
20 0.025 250 4 1.66666666666667 6134.13169742171
40 0.025 250 4 1.66666666666667 5962.15706421017
80 0.025 250 4 1.66666666666667 5828.67123485328
160 0.025 250 4 1.66666666666667 5758.18478658394
320 0.025 250 4 1.66666666666667 5744.7673145553
20 0.05 250 4 1.66666666666667 5981.20122034597
40 0.05 250 4 1.66666666666667 5855.64336549866
80 0.05 250 4 1.66666666666667 5775.90047509633
160 0.05 250 4 1.66666666666667 5745.03803424072
320 0.05 250 4 1.66666666666667 5747.81120987832
20 0.1 250 4 1.66666666666667 5837.92232392925
40 0.1 250 4 1.66666666666667 5771.4276642648
80 0.1 250 4 1.66666666666667 5741.53449609365
160 0.1 250 4 1.66666666666667 5738.91711557209
320 0.1 250 4 1.66666666666667 5748.18337414695
20 0.2 250 4 1.66666666666667 5772.89833527618
40 0.2 250 4 1.66666666666667 5740.69262497417
80 0.2 250 4 1.66666666666667 5734.65361539335
160 0.2 250 4 1.66666666666667 5739.88630235735
320 0.2 250 4 1.66666666666667 5746.68154654886
20 0.4 250 4 1.66666666666667 5752.89921352844
40 0.4 250 4 1.66666666666667 5737.38731563191
80 0.4 250 4 1.66666666666667 5738.10691565187
160 0.4 250 4 1.66666666666667 5742.13642962513
320 0.4 250 4 1.66666666666667 5745.39322125593
20 0.025 500 4 1.66666666666667 6119.7891042506
40 0.025 500 4 1.66666666666667 5938.20942187139
80 0.025 500 4 1.66666666666667 5797.99571804527
160 0.025 500 4 1.66666666666667 5726.79324353662
320 0.025 500 4 1.66666666666667 5723.04225933527
20 0.05 500 4 1.66666666666667 5948.83640969602
40 0.05 500 4 1.66666666666667 5813.36608746255
80 0.05 500 4 1.66666666666667 5729.21218265336
160 0.05 500 4 1.66666666666667 5703.69610836441
320 0.05 500 4 1.66666666666667 5721.97944903818
20 0.1 500 4 1.66666666666667 5784.34482025138
40 0.1 500 4 1.66666666666667 5713.94627984569
80 0.1 500 4 1.66666666666667 5688.27323950643
160 0.1 500 4 1.66666666666667 5698.765326771
320 0.1 500 4 1.66666666666667 5726.28940602259
20 0.2 500 4 1.66666666666667 5712.84429111054
40 0.2 500 4 1.66666666666667 5683.86522186788
80 0.2 500 4 1.66666666666667 5689.89309570143
160 0.2 500 4 1.66666666666667 5711.76838298901
320 0.2 500 4 1.66666666666667 5733.62941230268
20 0.4 500 4 1.66666666666667 5696.17827525112
40 0.4 500 4 1.66666666666667 5692.39954002882
80 0.4 500 4 1.66666666666667 5709.10384290246
160 0.4 500 4 1.66666666666667 5726.72185763544
320 0.4 500 4 1.66666666666667 5739.18165881405
20 0.025 1000 4 1.66666666666667 6112.10951448198
40 0.025 1000 4 1.66666666666667 5926.17744007968
80 0.025 1000 4 1.66666666666667 5782.16659043513
160 0.025 1000 4 1.66666666666667 5711.6253150296
320 0.025 1000 4 1.66666666666667 5716.40341714
20 0.05 1000 4 1.66666666666667 5931.83067392957
40 0.05 1000 4 1.66666666666667 5791.58311322253
80 0.05 1000 4 1.66666666666667 5706.21104435706
160 0.05 1000 4 1.66666666666667 5687.48210506312
320 0.05 1000 4 1.66666666666667 5722.03020764332
20 0.1 1000 4 1.66666666666667 5757.8241973625
40 0.1 1000 4 1.66666666666667 5688.62536988916
80 0.1 1000 4 1.66666666666667 5670.18889765396
160 0.1 1000 4 1.66666666666667 5695.60459837953
320 0.1 1000 4 1.66666666666667 5743.92377738853
20 0.2 1000 4 1.66666666666667 5694.64332800379
40 0.2 1000 4 1.66666666666667 5670.69943753389
80 0.2 1000 4 1.66666666666667 5689.37360259162
160 0.2 1000 4 1.66666666666667 5730.68556673824
320 0.2 1000 4 1.66666666666667 5772.27781464727
20 0.4 1000 4 1.66666666666667 5684.69446073208
40 0.4 1000 4 1.66666666666667 5694.66904859953
80 0.4 1000 4 1.66666666666667 5731.06292261349
160 0.4 1000 4 1.66666666666667 5767.75483924104
320 0.4 1000 4 1.66666666666667 5793.97050963356
20 0.025 2000 4 1.66666666666667 6108.64187407741
40 0.025 2000 4 1.66666666666667 5919.98292380685
80 0.025 2000 4 1.66666666666667 5774.14335106596
160 0.025 2000 4 1.66666666666667 5704.30986471688
320 0.025 2000 4 1.66666666666667 5715.32528324204
20 0.05 2000 4 1.66666666666667 5923.09937504174
40 0.05 2000 4 1.66666666666667 5780.52972605222
80 0.05 2000 4 1.66666666666667 5695.32962570056
160 0.05 2000 4 1.66666666666667 5682.68359094453
320 0.05 2000 4 1.66666666666667 5731.51196526862
20 0.1 2000 4 1.66666666666667 5746.02538296455
40 0.1 2000 4 1.66666666666667 5679.89563919673
80 0.1 2000 4 1.66666666666667 5670.09430694498
160 0.1 2000 4 1.66666666666667 5710.12598687725
320 0.1 2000 4 1.66666666666667 5778.83689808355
20 0.2 2000 4 1.66666666666667 5701.66255195112
40 0.2 2000 4 1.66666666666667 5683.09948891845
80 0.2 2000 4 1.66666666666667 5713.01953305768
160 0.2 2000 4 1.66666666666667 5772.69872380656
320 0.2 2000 4 1.66666666666667 5834.8976484969
20 0.4 2000 4 1.66666666666667 5700.23111960427
40 0.4 2000 4 1.66666666666667 5722.08294899627
80 0.4 2000 4 1.66666666666667 5778.28323610237
160 0.4 2000 4 1.66666666666667 5835.80026274927
320 0.4 2000 4 1.66666666666667 5878.26729194972
20 0.025 4000 4 1.66666666666667 6106.49738252508
40 0.025 4000 4 1.66666666666667 5916.61198428077
80 0.025 4000 4 1.66666666666667 5770.14444104653
160 0.025 4000 4 1.66666666666667 5700.80573730432
320 0.025 4000 4 1.66666666666667 5715.63520313752
20 0.05 4000 4 1.66666666666667 5918.99791923727
40 0.05 4000 4 1.66666666666667 5775.01299476719
80 0.05 4000 4 1.66666666666667 5690.25261582706
160 0.05 4000 4 1.66666666666667 5681.79225449545
320 0.05 4000 4 1.66666666666667 5741.00228994438
20 0.1 4000 4 1.66666666666667 5740.7305070969
40 0.1 4000 4 1.66666666666667 5677.8028194965
80 0.1 4000 4 1.66666666666667 5675.35231266092
160 0.1 4000 4 1.66666666666667 5727.53465074404
320 0.1 4000 4 1.66666666666667 5813.25443265092
20 0.2 4000 4 1.66666666666667 5716.42517755231
40 0.2 4000 4 1.66666666666667 5702.9190537692
80 0.2 4000 4 1.66666666666667 5741.81143852997
160 0.2 4000 4 1.66666666666667 5816.51320693777
320 0.2 4000 4 1.66666666666667 5896.7646154043
20 0.4 4000 4 1.66666666666667 5723.74762536791
40 0.4 4000 4 1.66666666666667 5754.88369607475
80 0.4 4000 4 1.66666666666667 5827.40578124374
160 0.4 4000 4 1.66666666666667 5903.51679822447
320 0.4 4000 4 1.66666666666667 5961.75981561107
20 0.025 250 8 1.66666666666667 6342.78443462128
40 0.025 250 8 1.66666666666667 6198.7050820982
80 0.025 250 8 1.66666666666667 6029.43254994545
160 0.025 250 8 1.66666666666667 5899.51267761142
320 0.025 250 8 1.66666666666667 5843.73917343322
20 0.05 250 8 1.66666666666667 6208.64985032574
40 0.05 250 8 1.66666666666667 6076.43767655359
80 0.05 250 8 1.66666666666667 5952.72916155571
160 0.05 250 8 1.66666666666667 5876.56609013051
320 0.05 250 8 1.66666666666667 5851.12375888682
20 0.1 250 8 1.66666666666667 6045.58079024208
40 0.1 250 8 1.66666666666667 5960.14895828557
80 0.1 250 8 1.66666666666667 5893.03735444838
160 0.1 250 8 1.66666666666667 5861.8227175337
320 0.1 250 8 1.66666666666667 5855.10850813055
20 0.2 250 8 1.66666666666667 5964.95953442701
40 0.2 250 8 1.66666666666667 5903.43864241438
80 0.2 250 8 1.66666666666667 5869.19753459993
160 0.2 250 8 1.66666666666667 5857.56154070528
320 0.2 250 8 1.66666666666667 5855.74369372642
20 0.4 250 8 1.66666666666667 5928.8778189935
40 0.4 250 8 1.66666666666667 5881.68260613857
80 0.4 250 8 1.66666666666667 5863.01292995733
160 0.4 250 8 1.66666666666667 5857.11704367905
320 0.4 250 8 1.66666666666667 5855.50223750838
20 0.025 500 8 1.66666666666667 6331.46197576431
40 0.025 500 8 1.66666666666667 6172.97055115122
80 0.025 500 8 1.66666666666667 5987.87200284555
160 0.025 500 8 1.66666666666667 5849.71588267318
320 0.025 500 8 1.66666666666667 5800.21476211673
20 0.05 500 8 1.66666666666667 6174.55398692645
40 0.05 500 8 1.66666666666667 6022.16260865401
80 0.05 500 8 1.66666666666667 5882.9766840163
160 0.05 500 8 1.66666666666667 5805.38391047796
320 0.05 500 8 1.66666666666667 5792.97685608712
20 0.1 500 8 1.66666666666667 5974.03644568712
40 0.1 500 8 1.66666666666667 5875.14004364872
80 0.1 500 8 1.66666666666667 5803.63918527415
160 0.1 500 8 1.66666666666667 5781.65065349581
320 0.1 500 8 1.66666666666667 5792.22229078527
20 0.2 500 8 1.66666666666667 5878.31808623063
40 0.2 500 8 1.66666666666667 5809.16153027233
80 0.2 500 8 1.66666666666667 5780.83818553493
160 0.2 500 8 1.66666666666667 5783.93006879761
320 0.2 500 8 1.66666666666667 5796.76591261015
20 0.4 500 8 1.66666666666667 5840.98367789219
40 0.4 500 8 1.66666666666667 5794.00965423959
80 0.4 500 8 1.66666666666667 5787.07933294666
160 0.4 500 8 1.66666666666667 5793.6528458489
320 0.4 500 8 1.66666666666667 5800.97542632666
20 0.025 1000 8 1.66666666666667 6323.99069109102
40 0.025 1000 8 1.66666666666667 6159.7991683384
80 0.025 1000 8 1.66666666666667 5965.69193077124
160 0.025 1000 8 1.66666666666667 5824.36338926965
320 0.025 1000 8 1.66666666666667 5781.94899568341
20 0.05 1000 8 1.66666666666667 6155.56388028626
40 0.05 1000 8 1.66666666666667 5992.82739410464
80 0.05 1000 8 1.66666666666667 5846.46603542791
160 0.05 1000 8 1.66666666666667 5772.21578383499
320 0.05 1000 8 1.66666666666667 5775.54486294731
20 0.1 1000 8 1.66666666666667 5936.19568928919
40 0.1 1000 8 1.66666666666667 5832.94437924504
80 0.1 1000 8 1.66666666666667 5764.08658027785
160 0.1 1000 8 1.66666666666667 5755.9161153608
320 0.1 1000 8 1.66666666666667 5787.98460588189
20 0.2 1000 8 1.66666666666667 5842.87080479791
40 0.2 1000 8 1.66666666666667 5773.1970636487
80 0.2 1000 8 1.66666666666667 5755.55366141872
160 0.2 1000 8 1.66666666666667 5778.40657902852
320 0.2 1000 8 1.66666666666667 5811.58452687865
20 0.4 1000 8 1.66666666666667 5811.34023127837
40 0.4 1000 8 1.66666666666667 5772.45300636916
80 0.4 1000 8 1.66666666666667 5784.20807255668
160 0.4 1000 8 1.66666666666667 5809.90958838097
320 0.4 1000 8 1.66666666666667 5831.08182921366
20 0.025 2000 8 1.66666666666667 6320.21173989155
40 0.025 2000 8 1.66666666666667 6153.05134642938
80 0.025 2000 8 1.66666666666667 5954.31448530447
160 0.025 2000 8 1.66666666666667 5811.74196696543
320 0.025 2000 8 1.66666666666667 5774.90059828759
20 0.05 2000 8 1.66666666666667 6145.55477139931
40 0.05 2000 8 1.66666666666667 5977.77188945305
80 0.05 2000 8 1.66666666666667 5828.24459803174
160 0.05 2000 8 1.66666666666667 5758.44524452738
320 0.05 2000 8 1.66666666666667 5776.19261888097
20 0.1 2000 8 1.66666666666667 5918.02419620673
40 0.1 2000 8 1.66666666666667 5814.56844929964
80 0.1 2000 8 1.66666666666667 5752.20946800107
160 0.1 2000 8 1.66666666666667 5758.80715414101
320 0.1 2000 8 1.66666666666667 5812.3760987919
20 0.2 2000 8 1.66666666666667 5839.77071402028
40 0.2 2000 8 1.66666666666667 5772.76113143117
80 0.2 2000 8 1.66666666666667 5766.34886655687
160 0.2 2000 8 1.66666666666667 5808.78226213871
320 0.2 2000 8 1.66666666666667 5863.25113783202
20 0.4 2000 8 1.66666666666667 5817.36221180983
40 0.4 2000 8 1.66666666666667 5788.2067154915
80 0.4 2000 8 1.66666666666667 5820.00009731559
160 0.4 2000 8 1.66666666666667 5866.8946560851
320 0.4 2000 8 1.66666666666667 5904.10220280354
20 0.025 4000 8 1.66666666666667 6319.64663325224
40 0.025 4000 8 1.66666666666667 6149.50292073388
80 0.025 4000 8 1.66666666666667 5948.71268834004
160 0.025 4000 8 1.66666666666667 5805.538874745
320 0.025 4000 8 1.66666666666667 5772.21054290226
20 0.05 4000 8 1.66666666666667 6140.40313391889
40 0.05 4000 8 1.66666666666667 5970.00788317474
80 0.05 4000 8 1.66666666666667 5819.47619911438
160 0.05 4000 8 1.66666666666667 5752.97763648539
320 0.05 4000 8 1.66666666666667 5781.31918677806
20 0.1 4000 8 1.66666666666667 5909.37562257485
40 0.1 4000 8 1.66666666666667 5807.41152412741
80 0.1 4000 8 1.66666666666667 5751.30078833803
160 0.1 4000 8 1.66666666666667 5770.40784057048
320 0.1 4000 8 1.66666666666667 5841.90122163407
20 0.2 4000 8 1.66666666666667 5848.88469340336
40 0.2 4000 8 1.66666666666667 5785.84800315206
80 0.2 4000 8 1.66666666666667 5788.7731700037
160 0.2 4000 8 1.66666666666667 5847.31952879257
320 0.2 4000 8 1.66666666666667 5920.20669850069
20 0.4 4000 8 1.66666666666667 5836.19153216222
40 0.4 4000 8 1.66666666666667 5815.45567641678
80 0.4 4000 8 1.66666666666667 5864.26186060038
160 0.4 4000 8 1.66666666666667 5929.94765268637
320 0.4 4000 8 1.66666666666667 5982.27509891782
20 0.025 250 0 2 7239.26062122841
40 0.025 250 0 2 6598.26674713633
80 0.025 250 0 2 6205.51207820354
160 0.025 250 0 2 5989.65849144474
320 0.025 250 0 2 5891.85538248202
20 0.05 250 0 2 6730.93271802903
40 0.05 250 0 2 6314.69775873597
80 0.05 250 0 2 6075.17848349949
160 0.05 250 0 2 5954.22765775597
320 0.05 250 0 2 5904.29235876058
20 0.1 250 0 2 6326.24507488693
40 0.1 250 0 2 6102.38242012257
80 0.1 250 0 2 5984.89323951896
160 0.1 250 0 2 5931.91534660438
320 0.1 250 0 2 5911.67497974998
20 0.2 250 0 2 6117.22575824246
40 0.2 250 0 2 6000.03063361967
80 0.2 250 0 2 5945.71777939774
160 0.2 250 0 2 5923.14111260993
320 0.2 250 0 2 5914.29131185994
20 0.4 250 0 2 6016.46065822901
40 0.4 250 0 2 5955.86597616893
80 0.4 250 0 2 5930.44455068029
160 0.4 250 0 2 5919.88081373201
320 0.4 250 0 2 5915.32170824797
20 0.025 500 0 2 7185.65766571221
40 0.025 500 0 2 6530.06129477001
80 0.025 500 0 2 6127.04051456827
160 0.025 500 0 2 5906.09409293695
320 0.025 500 0 2 5814.49206593601
20 0.05 500 0 2 6638.45058717061
40 0.05 500 0 2 6206.0929918099
80 0.05 500 0 2 5958.27212646657
160 0.05 500 0 2 5838.64422725158
320 0.05 500 0 2 5800.75539906316
20 0.1 500 0 2 6192.90625797932
40 0.1 500 0 2 5960.71109941042
80 0.1 500 0 2 5844.23722728303
160 0.1 500 0 2 5800.78168178518
320 0.1 500 0 2 5795.39457050504
20 0.2 500 0 2 5967.41228662278
40 0.2 500 0 2 5848.68798138942
80 0.2 500 0 2 5802.85826944498
160 0.2 500 0 2 5793.38852126736
320 0.2 500 0 2 5796.4818468582
20 0.4 500 0 2 5863.19681086354
40 0.4 500 0 2 5809.50602563545
80 0.4 500 0 2 5795.98292238162
160 0.4 500 0 2 5795.83614252051
320 0.4 500 0 2 5798.29379633911
20 0.025 1000 0 2 7157.44251033784
40 0.025 1000 0 2 6496.2916093725
80 0.025 1000 0 2 6086.51364057302
160 0.025 1000 0 2 5864.13176411644
320 0.025 1000 0 2 5779.88678908313
20 0.05 1000 0 2 6589.84075698339
40 0.05 1000 0 2 6151.13716536263
80 0.05 1000 0 2 5899.28454532572
160 0.05 1000 0 2 5784.58966976715
320 0.05 1000 0 2 5761.86407268734
20 0.1 1000 0 2 6125.75627846203
40 0.1 1000 0 2 5893.75397783226
80 0.1 1000 0 2 5781.68492667011
160 0.1 1000 0 2 5750.94749320319
320 0.1 1000 0 2 5765.15409531176
20 0.2 1000 0 2 5901.39185608929
40 0.2 1000 0 2 5785.35375496978
80 0.2 1000 0 2 5750.57671771831
160 0.2 1000 0 2 5759.19216675234
320 0.2 1000 0 2 5781.04390875701
20 0.4 1000 0 2 5799.50690407682
40 0.4 1000 0 2 5757.61579416454
80 0.4 1000 0 2 5762.17934855564
160 0.4 1000 0 2 5779.64168290944
320 0.4 1000 0 2 5794.99064558757
20 0.025 2000 0 2 7142.42026920576
40 0.025 2000 0 2 6479.0899531659
80 0.025 2000 0 2 6066.09543119597
160 0.025 2000 0 2 5843.43941693553
320 0.025 2000 0 2 5765.35509950783
20 0.05 2000 0 2 6566.45027684534
40 0.05 2000 0 2 6123.09908225464
80 0.05 2000 0 2 5870.66089098201
160 0.05 2000 0 2 5761.97413980892
320 0.05 2000 0 2 5754.33318310347
20 0.1 2000 0 2 6095.85564468671
40 0.1 2000 0 2 5866.28348034646
80 0.1 2000 0 2 5762.42812814579
160 0.1 2000 0 2 5745.49065583724
320 0.1 2000 0 2 5780.20776598536
20 0.2 2000 0 2 5887.84058507961
40 0.2 2000 0 2 5774.49932792941
80 0.2 2000 0 2 5750.15820238477
160 0.2 2000 0 2 5777.44995260179
320 0.2 2000 0 2 5820.9091183194
20 0.4 2000 0 2 5790.17988740509
40 0.4 2000 0 2 5759.55639097039
80 0.4 2000 0 2 5783.70698278304
160 0.4 2000 0 2 5822.65671070113
320 0.4 2000 0 2 5855.14349788756
20 0.025 4000 0 2 7136.01366938482
40 0.025 4000 0 2 6470.21623234973
80 0.025 4000 0 2 6056.02640818352
160 0.025 4000 0 2 5833.29872013375
320 0.025 4000 0 2 5759.29455522365
20 0.05 4000 0 2 6554.91124697013
40 0.05 4000 0 2 6109.20125322106
80 0.05 4000 0 2 5857.12650389983
160 0.05 4000 0 2 5753.11565279353
320 0.05 4000 0 2 5757.48458208302
20 0.1 4000 0 2 6082.51917257467
40 0.1 4000 0 2 5857.33903889654
80 0.1 4000 0 2 5761.40834725666
160 0.1 4000 0 2 5756.89882566253
320 0.1 4000 0 2 5809.65367436531
20 0.2 4000 0 2 5896.24788633438
40 0.2 4000 0 2 5786.32730629136
80 0.2 4000 0 2 5770.38119576219
160 0.2 4000 0 2 5813.64774977139
320 0.2 4000 0 2 5877.22419205734
20 0.4 4000 0 2 5804.11693739754
40 0.4 4000 0 2 5782.48795368401
80 0.4 4000 0 2 5823.81090272841
160 0.4 4000 0 2 5883.36508143064
320 0.4 4000 0 2 5933.85363507654
20 0.025 250 1 2 6320.10131560783
40 0.025 250 1 2 6107.22711365633
80 0.025 250 1 2 5939.86824602155
160 0.025 250 1 2 5838.43217980039
320 0.025 250 1 2 5798.53405084462
20 0.05 250 1 2 6112.30152367188
40 0.05 250 1 2 5968.57322304578
80 0.05 250 1 2 5869.58603888532
160 0.05 250 1 2 5819.16837565052
320 0.05 250 1 2 5804.70071702405
20 0.1 250 1 2 5944.86841732872
40 0.1 250 1 2 5868.61403628343
80 0.1 250 1 2 5825.1908165734
160 0.1 250 1 2 5809.03745382021
320 0.1 250 1 2 5807.2867671614
20 0.2 250 1 2 5869.20754331423
40 0.2 250 1 2 5827.47141764946
80 0.2 250 1 2 5810.73953465334
160 0.2 250 1 2 5806.87220047885
320 0.2 250 1 2 5807.33141673289
20 0.4 250 1 2 5834.46618736632
40 0.4 250 1 2 5813.48785832851
80 0.4 250 1 2 5807.69534333548
160 0.4 250 1 2 5806.84306651678
320 0.4 250 1 2 5807.10599213823
20 0.025 500 1 2 6297.13094712643
40 0.025 500 1 2 6071.6399603395
80 0.025 500 1 2 5894.19339115767
160 0.025 500 1 2 5788.41603759309
320 0.025 500 1 2 5754.18067816888
20 0.05 500 1 2 6064.18758964731
40 0.05 500 1 2 5907.5143195958
80 0.05 500 1 2 5800.79884395856
160 0.05 500 1 2 5751.5983343432
320 0.05 500 1 2 5748.20855186447
20 0.1 500 1 2 5869.91957089509
40 0.1 500 1 2 5787.01963632418
80 0.1 500 1 2 5743.84856418338
160 0.1 500 1 2 5736.35051922782
320 0.1 500 1 2 5748.61307117619
20 0.2 500 1 2 5783.72680458752
40 0.2 500 1 2 5741.24170871261
80 0.2 500 1 2 5732.30750346607
160 0.2 500 1 2 5740.82800129324
320 0.2 500 1 2 5752.79107565844
20 0.4 500 1 2 5747.16714750574
40 0.4 500 1 2 5733.94462474193
80 0.4 500 1 2 5739.80401026446
160 0.4 500 1 2 5749.02621818735
320 0.4 500 1 2 5756.11327485556
20 0.025 1000 1 2 6284.6703378479
40 0.025 1000 1 2 6053.36937312147
80 0.025 1000 1 2 5870.38695979264
160 0.025 1000 1 2 5763.34130972821
320 0.025 1000 1 2 5735.463051435
20 0.05 1000 1 2 6038.61283639282
40 0.05 1000 1 2 5875.99524711092
80 0.05 1000 1 2 5766.2255278102
160 0.05 1000 1 2 5721.26709950979
320 0.05 1000 1 2 5731.15172782649
20 0.1 1000 1 2 5833.46474009579
40 0.1 1000 1 2 5750.40859323124
80 0.1 1000 1 2 5710.7266633867
160 0.1 1000 1 2 5714.06074256189
320 0.1 1000 1 2 5744.05004984983
20 0.2 1000 1 2 5751.71054479538
40 0.2 1000 1 2 5710.21989770375
80 0.2 1000 1 2 5710.3732038793
160 0.2 1000 1 2 5735.35646588988
320 0.2 1000 1 2 5764.84559281175
20 0.4 1000 1 2 5716.3213511571
40 0.4 1000 1 2 5713.6074677503
80 0.4 1000 1 2 5736.09381403677
160 0.4 1000 1 2 5761.87875218685
320 0.4 1000 1 2 5781.11520396418
20 0.025 2000 1 2 6278.20174573945
40 0.025 2000 1 2 6044.09231086363
80 0.025 2000 1 2 5858.29449716345
160 0.025 2000 1 2 5751.08133448118
320 0.025 2000 1 2 5728.56075584683
20 0.05 2000 1 2 6025.89129099373
40 0.05 2000 1 2 5860.09313522894
80 0.05 2000 1 2 5749.91196227613
160 0.05 2000 1 2 5710.16593413122
320 0.05 2000 1 2 5733.46672684212
20 0.1 2000 1 2 5818.56588829777
40 0.1 2000 1 2 5738.73132505615
80 0.1 2000 1 2 5705.70113652032
160 0.1 2000 1 2 5720.94857057825
320 0.1 2000 1 2 5769.7981049147
20 0.2 2000 1 2 5754.89077575361
40 0.2 2000 1 2 5714.8276310123
80 0.2 2000 1 2 5723.53138360403
160 0.2 2000 1 2 5765.62727136501
320 0.2 2000 1 2 5815.51549888096
20 0.4 2000 1 2 5722.42946536194
40 0.4 2000 1 2 5729.52613233531
80 0.4 2000 1 2 5770.35676433244
160 0.4 2000 1 2 5816.47098819224
320 0.4 2000 1 2 5851.96167289914
20 0.025 4000 1 2 6275.4945032138
40 0.025 4000 1 2 6039.25372499794
80 0.025 4000 1 2 5852.28901531264
160 0.025 4000 1 2 5745.12034459515
320 0.025 4000 1 2 5726.19103295897
20 0.05 4000 1 2 6019.61917560961
40 0.05 4000 1 2 5852.24553879463
80 0.05 4000 1 2 5742.41743287028
160 0.05 4000 1 2 5706.88221455603
320 0.05 4000 1 2 5741.12858507813
20 0.1 4000 1 2 5812.89652680514
40 0.1 4000 1 2 5737.50256809245
80 0.1 4000 1 2 5711.50062568843
160 0.1 4000 1 2 5737.94065408715
320 0.1 4000 1 2 5803.74879196608
20 0.2 4000 1 2 5771.67547731983
40 0.2 4000 1 2 5733.84078207825
80 0.2 4000 1 2 5749.81488729558
160 0.2 4000 1 2 5806.89075603838
320 0.2 4000 1 2 5876.02449338946
20 0.4 4000 1 2 5743.52274583899
40 0.4 4000 1 2 5758.80499074459
80 0.4 4000 1 2 5815.94841585014
160 0.4 4000 1 2 5881.78964207474
320 0.4 4000 1 2 5934.48784606143
20 0.025 250 2 2 6159.53351750966
40 0.025 250 2 2 5990.65541524862
80 0.025 250 2 2 5863.38565507012
160 0.025 250 2 2 5788.74525683811
320 0.025 250 2 2 5764.66571360553
20 0.05 250 2 2 5987.46475683424
40 0.05 250 2 2 5877.19239948172
80 0.05 250 2 2 5806.08789759578
160 0.05 250 2 2 5773.43425295309
320 0.05 250 2 2 5769.12612714656
20 0.1 250 2 2 5852.58072783348
40 0.1 250 2 2 5799.22665695742
80 0.1 250 2 2 5772.66296053929
160 0.1 250 2 2 5766.55437402228
320 0.1 250 2 2 5770.33945639529
20 0.2 250 2 2 5799.71602436
40 0.2 250 2 2 5772.48010614409
80 0.2 250 2 2 5764.99585864589
160 0.2 250 2 2 5766.34806025292
320 0.2 250 2 2 5769.58796245523
20 0.4 250 2 2 5780.0250200903
40 0.4 250 2 2 5766.69219332605
80 0.4 250 2 2 5765.5938284518
160 0.4 250 2 2 5767.33187078474
320 0.4 250 2 2 5768.95740910697
20 0.025 500 2 2 6140.17094695797
40 0.025 500 2 2 5960.67611901297
80 0.025 500 2 2 5824.56485522931
160 0.025 500 2 2 5746.64592686693
320 0.025 500 2 2 5729.48112994586
20 0.05 500 2 2 5946.1777464653
40 0.05 500 2 2 5825.16164726187
80 0.05 500 2 2 5747.89553343792
160 0.05 500 2 2 5717.87409582007
320 0.05 500 2 2 5726.01575295025
20 0.1 500 2 2 5787.7478568485
40 0.1 500 2 2 5730.1751262473
80 0.1 500 2 2 5705.60776605513
160 0.1 500 2 2 5709.63289709914
320 0.1 500 2 2 5728.50032454444
20 0.2 500 2 2 5727.27786034904
40 0.2 500 2 2 5701.71212389378
80 0.2 500 2 2 5703.66058225176
160 0.2 500 2 2 5718.50140332047
320 0.2 500 2 2 5733.92229716835
20 0.4 500 2 2 5708.33926509416
40 0.4 500 2 2 5704.69555436252
80 0.4 500 2 2 5716.4781214067
160 0.4 500 2 2 5729.01906204634
320 0.4 500 2 2 5737.88301461657
20 0.025 1000 2 2 6129.58605868725
40 0.025 1000 2 2 5945.13883131437
80 0.025 1000 2 2 5804.28952628897
160 0.025 1000 2 2 5725.71211023456
320 0.025 1000 2 2 5715.79273919686
20 0.05 1000 2 2 5924.14292009068
40 0.05 1000 2 2 5798.13141232345
80 0.05 1000 2 2 5718.83086830371
160 0.05 1000 2 2 5694.17883412266
320 0.05 1000 2 2 5716.64575999508
20 0.1 1000 2 2 5756.38900879765
40 0.1 1000 2 2 5699.94222017971
80 0.1 1000 2 2 5680.39298792411
160 0.1 1000 2 2 5696.55081297164
320 0.1 1000 2 2 5733.86612245087
20 0.2 1000 2 2 5702.08980106824
40 0.2 1000 2 2 5679.2726369056
80 0.2 1000 2 2 5691.70527876714
160 0.2 1000 2 2 5723.89752408779
320 0.2 1000 2 2 5757.20048727157
20 0.4 1000 2 2 5686.2142893565
40 0.4 1000 2 2 5694.62879118156
80 0.4 1000 2 2 5723.99562488414
160 0.4 1000 2 2 5753.57858014309
320 0.4 1000 2 2 5774.73874194657
20 0.025 2000 2 2 6124.11368513566
40 0.025 2000 2 2 5937.25801370974
80 0.025 2000 2 2 5793.95673821535
160 0.025 2000 2 2 5715.58124266269
320 0.025 2000 2 2 5711.55733549203
20 0.05 2000 2 2 5913.15484111578
40 0.05 2000 2 2 5784.55147271771
80 0.05 2000 2 2 5705.35593888435
160 0.05 2000 2 2 5686.64789716591
320 0.05 2000 2 2 5723.07380617382
20 0.1 2000 2 2 5743.84290523874
40 0.1 2000 2 2 5691.59937976244
80 0.1 2000 2 2 5679.62418511971
160 0.1 2000 2 2 5708.41689372932
320 0.1 2000 2 2 5764.77388448315
20 0.2 2000 2 2 5708.43664357958
40 0.2 2000 2 2 5688.39320974721
80 0.2 2000 2 2 5710.24269648062
160 0.2 2000 2 2 5759.8878017849
320 0.2 2000 2 2 5813.48448250417
20 0.4 2000 2 2 5696.69209964946
40 0.4 2000 2 2 5715.93563429746
80 0.4 2000 2 2 5764.2245515609
160 0.4 2000 2 2 5814.13613681958
320 0.4 2000 2 2 5851.30890337436
20 0.025 4000 2 2 6121.84638389827
40 0.025 4000 2 2 5933.13714202604
80 0.025 4000 2 2 5788.80804974491
160 0.025 4000 2 2 5710.69340027753
320 0.025 4000 2 2 5710.55605544745
20 0.05 4000 2 2 5907.72012510026
40 0.05 4000 2 2 5777.86256759414
80 0.05 4000 2 2 5699.26916222188
160 0.05 4000 2 2 5685.2112132224
320 0.05 4000 2 2 5732.81472335481
20 0.1 4000 2 2 5739.30662593491
40 0.1 4000 2 2 5691.97332309949
80 0.1 4000 2 2 5687.60335445029
160 0.1 4000 2 2 5727.91827196711
320 0.1 4000 2 2 5801.17049839823
20 0.2 4000 2 2 5726.69775502609
40 0.2 4000 2 2 5709.58477711159
80 0.2 4000 2 2 5739.18375836327
160 0.2 4000 2 2 5803.88032656465
320 0.2 4000 2 2 5876.45848793581
20 0.4 4000 2 2 5719.77999726646
40 0.4 4000 2 2 5747.87159556688
80 0.4 4000 2 2 5812.72742215907
160 0.4 4000 2 2 5882.15769767646
320 0.4 4000 2 2 5936.1238080761
20 0.025 250 4 2 6142.37805977151
40 0.025 250 4 2 5981.82467424454
80 0.025 250 4 2 5851.3322867682
160 0.025 250 4 2 5777.06269293044
320 0.025 250 4 2 5755.798243618
20 0.05 250 4 2 5981.06942725418
40 0.05 250 4 2 5868.48965234829
80 0.05 250 4 2 5794.02278784304
160 0.05 250 4 2 5762.118998864
320 0.05 250 4 2 5759.92430935478
20 0.1 250 4 2 5848.34680566573
40 0.1 250 4 2 5789.46830351955
80 0.1 250 4 2 5761.06602697222
160 0.1 250 4 2 5755.75919306442
320 0.1 250 4 2 5760.79374675157
20 0.2 250 4 2 5795.10900646243
40 0.2 250 4 2 5762.92125879659
80 0.2 250 4 2 5754.33816249584
160 0.2 250 4 2 5756.03003069351
320 0.2 250 4 2 5759.79034474289
20 0.4 250 4 2 5775.68861193999
40 0.4 250 4 2 5757.94117159612
80 0.4 250 4 2 5755.69546708402
160 0.4 250 4 2 5757.3107530503
320 0.4 250 4 2 5759.02184710066
20 0.025 500 4 2 6124.75590142944
40 0.025 500 4 2 5952.21894725845
80 0.025 500 4 2 5812.52645006108
160 0.025 500 4 2 5735.42952352169
320 0.025 500 4 2 5722.20868954093
20 0.05 500 4 2 5940.60671832703
40 0.05 500 4 2 5816.1262572391
80 0.05 500 4 2 5735.73196183006
160 0.05 500 4 2 5707.62575226667
320 0.05 500 4 2 5719.44508696381
20 0.1 500 4 2 5783.0391424387
40 0.1 500 4 2 5719.69314664977
80 0.1 500 4 2 5694.60122271597
160 0.1 500 4 2 5701.16122517721
320 0.1 500 4 2 5722.74856844345
20 0.2 500 4 2 5722.41761712751
40 0.2 500 4 2 5692.74193867756
80 0.2 500 4 2 5695.22944238575
160 0.2 500 4 2 5711.88321051844
320 0.2 500 4 2 5728.81494240504
20 0.4 500 4 2 5705.45743381998
40 0.4 500 4 2 5698.24217893877
80 0.4 500 4 2 5710.17409040716
160 0.4 500 4 2 5723.58453593196
320 0.4 500 4 2 5733.14233265791
20 0.025 1000 4 2 6115.31713162028
40 0.025 1000 4 2 5936.92896146899
80 0.025 1000 4 2 5792.1878817335
160 0.025 1000 4 2 5714.74143885358
320 0.025 1000 4 2 5709.66476044651
20 0.05 1000 4 2 5918.89653190231
40 0.05 1000 4 2 5788.77888680056
80 0.05 1000 4 2 5706.48859316972
160 0.05 1000 4 2 5684.7461900671
320 0.05 1000 4 2 5712.38654174923
20 0.1 1000 4 2 5750.76384188051
40 0.1 1000 4 2 5688.57475700621
80 0.1 1000 4 2 5669.83082466036
160 0.1 1000 4 2 5690.39242892978
320 0.1 1000 4 2 5731.92163173836
20 0.2 1000 4 2 5696.10767433902
40 0.2 1000 4 2 5670.69992783114
80 0.2 1000 4 2 5685.66761059598
160 0.2 1000 4 2 5721.3266436639
320 0.2 1000 4 2 5757.05269015984
20 0.4 1000 4 2 5684.29071165157
40 0.4 1000 4 2 5690.78646481668
80 0.4 1000 4 2 5721.88035086876
160 0.4 1000 4 2 5753.2912203485
320 0.4 1000 4 2 5775.57130182429
20 0.025 2000 4 2 6110.08851352246
40 0.025 2000 4 2 5929.05771886369
80 0.025 2000 4 2 5781.80636901786
160 0.025 2000 4 2 5704.74995268048
320 0.025 2000 4 2 5706.16461087233
20 0.05 2000 4 2 5907.85193056987
40 0.05 2000 4 2 5774.94982135184
80 0.05 2000 4 2 5692.87988835846
160 0.05 2000 4 2 5677.7911534272
320 0.05 2000 4 2 5720.45317038979
20 0.1 2000 4 2 5737.41973892869
40 0.1 2000 4 2 5679.46876024283
80 0.1 2000 4 2 5669.36267972944
160 0.1 2000 4 2 5704.01385672934
320 0.1 2000 4 2 5765.57486272365
20 0.2 2000 4 2 5701.11400858428
40 0.2 2000 4 2 5679.93459124559
80 0.2 2000 4 2 5706.04301020736
160 0.2 2000 4 2 5760.37943428583
320 0.2 2000 4 2 5816.77936823525
20 0.4 2000 4 2 5695.10616648563
40 0.4 2000 4 2 5714.06053448892
80 0.4 2000 4 2 5765.40870405497
160 0.4 2000 4 2 5817.60889387393
320 0.4 2000 4 2 5855.78877281653
20 0.025 4000 4 2 6107.92974362002
40 0.025 4000 4 2 5925.00366670442
80 0.025 4000 4 2 5776.61946309741
160 0.025 4000 4 2 5699.92895927727
320 0.025 4000 4 2 5705.58157927674
20 0.05 4000 4 2 5902.45599687506
40 0.05 4000 4 2 5768.14051653274
80 0.05 4000 4 2 5686.71237932237
160 0.05 4000 4 2 5676.69778040349
320 0.05 4000 4 2 5731.16068581196
20 0.1 4000 4 2 5732.34472057651
40 0.1 4000 4 2 5679.31694975508
80 0.1 4000 4 2 5677.49815845561
160 0.1 4000 4 2 5724.57372547015
320 0.1 4000 4 2 5803.50771522913
20 0.2 4000 4 2 5718.29821633896
40 0.2 4000 4 2 5701.05633199562
80 0.2 4000 4 2 5736.05701831642
160 0.2 4000 4 2 5806.13819499442
320 0.2 4000 4 2 5881.46276386145
20 0.4 4000 4 2 5718.1445187705
40 0.4 4000 4 2 5747.14097792297
80 0.4 4000 4 2 5815.92263321294
160 0.4 4000 4 2 5887.64760829918
320 0.4 4000 4 2 5942.08831284705
20 0.025 250 8 2 6355.37444406219
40 0.025 250 8 2 6221.50650948899
80 0.025 250 8 2 6065.94285258824
160 0.025 250 8 2 5936.54186329846
320 0.025 250 8 2 5872.69628706522
20 0.05 250 8 2 6209.39944185359
40 0.05 250 8 2 6093.51033615057
80 0.05 250 8 2 5984.18323389843
160 0.05 250 8 2 5911.11362421786
320 0.05 250 8 2 5881.63688975621
20 0.1 250 8 2 6057.34250441306
40 0.1 250 8 2 5986.99545279783
80 0.1 250 8 2 5927.49034938943
160 0.1 250 8 2 5896.28367284817
320 0.1 250 8 2 5886.1751846721
20 0.2 250 8 2 5995.54818518001
40 0.2 250 8 2 5939.07480272071
80 0.2 250 8 2 5905.43448403153
160 0.2 250 8 2 5891.60383871108
320 0.2 250 8 2 5887.19559065813
20 0.4 250 8 2 5963.20228320187
40 0.4 250 8 2 5917.77619311756
80 0.4 250 8 2 5897.97794540694
160 0.4 250 8 2 5890.356129016
320 0.4 250 8 2 5887.44295731379
20 0.025 500 8 2 6339.82300975335
40 0.025 500 8 2 6189.7963177075
80 0.025 500 8 2 6014.04190074035
160 0.025 500 8 2 5872.01031381064
320 0.025 500 8 2 5811.18171109179
20 0.05 500 8 2 6164.63327240929
40 0.05 500 8 2 6025.87628940417
80 0.05 500 8 2 5898.00171572199
160 0.05 500 8 2 5820.20495498438
320 0.05 500 8 2 5801.22518238306
20 0.1 500 8 2 5969.00914105224
40 0.1 500 8 2 5884.88253769841
80 0.1 500 8 2 5818.81305777127
160 0.1 500 8 2 5794.37724424424
320 0.1 500 8 2 5799.17581775404
20 0.2 500 8 2 5892.71979108904
40 0.2 500 8 2 5826.40967177002
80 0.2 500 8 2 5796.24751272261
160 0.2 500 8 2 5794.53566953225
320 0.2 500 8 2 5802.44035937257
20 0.4 500 8 2 5857.06377113748
40 0.4 500 8 2 5809.29344543989
80 0.4 500 8 2 5798.46394054278
160 0.4 500 8 2 5800.99550260616
320 0.4 500 8 2 5805.41373988545
20 0.025 1000 8 2 6332.38688910665
40 0.025 1000 8 2 6173.33800960626
80 0.025 1000 8 2 5985.7941461586
160 0.025 1000 8 2 5838.21973250122
320 0.025 1000 8 2 5783.20718664966
20 0.05 1000 8 2 6139.65018643196
40 0.05 1000 8 2 5988.68441673768
80 0.05 1000 8 2 5851.67922769823
160 0.05 1000 8 2 5775.82944698384
320 0.05 1000 8 2 5771.65857542985
20 0.1 1000 8 2 5921.66460853647
40 0.1 1000 8 2 5832.9758249198
80 0.1 1000 8 2 5767.92055472855
160 0.1 1000 8 2 5755.85885064328
320 0.1 1000 8 2 5781.06612359617
20 0.2 1000 8 2 5846.48788899726
40 0.2 1000 8 2 5777.72319271594
80 0.2 1000 8 2 5757.11368024634
160 0.2 1000 8 2 5774.22213154709
320 0.2 1000 8 2 5801.38425391758
20 0.4 1000 8 2 5814.47620224568
40 0.4 1000 8 2 5773.42260032013
80 0.4 1000 8 2 5780.06419504528
160 0.4 1000 8 2 5800.42928773776
320 0.4 1000 8 2 5817.66119734408
20 0.025 2000 8 2 6327.03122279295
40 0.025 2000 8 2 6164.28920825776
80 0.025 2000 8 2 5971.14589819427
160 0.025 2000 8 2 5821.29497881371
320 0.025 2000 8 2 5771.67674756651
20 0.05 2000 8 2 6125.77904980987
40 0.05 2000 8 2 5969.13212897072
80 0.05 2000 8 2 5828.62850390959
160 0.05 2000 8 2 5757.27837439794
320 0.05 2000 8 2 5768.13681183789
20 0.1 2000 8 2 5899.58018219948
40 0.1 2000 8 2 5811.65513950167
80 0.1 2000 8 2 5752.79998150373
160 0.1 2000 8 2 5754.90035472827
320 0.1 2000 8 2 5801.32718501456
20 0.2 2000 8 2 5839.58922475875
40 0.2 2000 8 2 5771.75400892538
80 0.2 2000 8 2 5761.90129989064
160 0.2 2000 8 2 5798.79422921809
320 0.2 2000 8 2 5847.3753093291
20 0.4 2000 8 2 5814.02255643568
40 0.4 2000 8 2 5782.51478321417
80 0.4 2000 8 2 5809.34932713839
160 0.4 2000 8 2 5850.86268274478
320 0.4 2000 8 2 5883.89647999081
20 0.025 4000 8 2 6324.88079575683
40 0.025 4000 8 2 6159.8922148115
80 0.025 4000 8 2 5963.73258016505
160 0.025 4000 8 2 5812.90014679167
320 0.025 4000 8 2 5767.01867828784
20 0.05 4000 8 2 6119.25351516603
40 0.05 4000 8 2 5959.41162073587
80 0.05 4000 8 2 5817.60203298212
160 0.05 4000 8 2 5750.18232537132
320 0.05 4000 8 2 5773.08321444141
20 0.1 4000 8 2 5889.77395980965
40 0.1 4000 8 2 5804.9195524044
80 0.1 4000 8 2 5753.1413706822
160 0.1 4000 8 2 5768.12408294771
320 0.1 4000 8 2 5833.0168366702
20 0.2 4000 8 2 5850.00965711083
40 0.2 4000 8 2 5784.77585340187
80 0.2 4000 8 2 5784.13033074702
160 0.2 4000 8 2 5837.94115235862
320 0.2 4000 8 2 5905.90913228962
20 0.4 4000 8 2 5831.44193216112
40 0.4 4000 8 2 5808.78377749656
80 0.4 4000 8 2 5853.69813178276
160 0.4 4000 8 2 5914.9880772096
320 0.4 4000 8 2 5963.71815172807
