20 0.025 250 0 1.33333333333333
40 0.025 250 0 1.33333333333333
80 0.025 250 0 1.33333333333333
160 0.025 250 0 1.33333333333333
320 0.025 250 0 1.33333333333333
20 0.05 250 0 1.33333333333333
40 0.05 250 0 1.33333333333333
80 0.05 250 0 1.33333333333333
160 0.05 250 0 1.33333333333333
320 0.05 250 0 1.33333333333333
20 0.1 250 0 1.33333333333333
40 0.1 250 0 1.33333333333333
80 0.1 250 0 1.33333333333333
160 0.1 250 0 1.33333333333333
320 0.1 250 0 1.33333333333333
20 0.2 250 0 1.33333333333333
40 0.2 250 0 1.33333333333333
80 0.2 250 0 1.33333333333333
160 0.2 250 0 1.33333333333333
320 0.2 250 0 1.33333333333333
20 0.4 250 0 1.33333333333333
40 0.4 250 0 1.33333333333333
80 0.4 250 0 1.33333333333333
160 0.4 250 0 1.33333333333333
320 0.4 250 0 1.33333333333333
20 0.025 500 0 1.33333333333333
40 0.025 500 0 1.33333333333333
80 0.025 500 0 1.33333333333333
160 0.025 500 0 1.33333333333333
320 0.025 500 0 1.33333333333333
20 0.05 500 0 1.33333333333333
40 0.05 500 0 1.33333333333333
80 0.05 500 0 1.33333333333333
160 0.05 500 0 1.33333333333333
320 0.05 500 0 1.33333333333333
20 0.1 500 0 1.33333333333333
40 0.1 500 0 1.33333333333333
80 0.1 500 0 1.33333333333333
160 0.1 500 0 1.33333333333333
320 0.1 500 0 1.33333333333333
20 0.2 500 0 1.33333333333333
40 0.2 500 0 1.33333333333333
80 0.2 500 0 1.33333333333333
160 0.2 500 0 1.33333333333333
320 0.2 500 0 1.33333333333333
20 0.4 500 0 1.33333333333333
40 0.4 500 0 1.33333333333333
80 0.4 500 0 1.33333333333333
160 0.4 500 0 1.33333333333333
320 0.4 500 0 1.33333333333333
20 0.025 1000 0 1.33333333333333
40 0.025 1000 0 1.33333333333333
80 0.025 1000 0 1.33333333333333
160 0.025 1000 0 1.33333333333333
320 0.025 1000 0 1.33333333333333
20 0.05 1000 0 1.33333333333333
40 0.05 1000 0 1.33333333333333
80 0.05 1000 0 1.33333333333333
160 0.05 1000 0 1.33333333333333
320 0.05 1000 0 1.33333333333333
20 0.1 1000 0 1.33333333333333
40 0.1 1000 0 1.33333333333333
80 0.1 1000 0 1.33333333333333
160 0.1 1000 0 1.33333333333333
320 0.1 1000 0 1.33333333333333
20 0.2 1000 0 1.33333333333333
40 0.2 1000 0 1.33333333333333
80 0.2 1000 0 1.33333333333333
160 0.2 1000 0 1.33333333333333
320 0.2 1000 0 1.33333333333333
20 0.4 1000 0 1.33333333333333
40 0.4 1000 0 1.33333333333333
80 0.4 1000 0 1.33333333333333
160 0.4 1000 0 1.33333333333333
320 0.4 1000 0 1.33333333333333
20 0.025 2000 0 1.33333333333333
40 0.025 2000 0 1.33333333333333
80 0.025 2000 0 1.33333333333333
160 0.025 2000 0 1.33333333333333
320 0.025 2000 0 1.33333333333333
20 0.05 2000 0 1.33333333333333
40 0.05 2000 0 1.33333333333333
80 0.05 2000 0 1.33333333333333
160 0.05 2000 0 1.33333333333333
320 0.05 2000 0 1.33333333333333
20 0.1 2000 0 1.33333333333333
40 0.1 2000 0 1.33333333333333
80 0.1 2000 0 1.33333333333333
160 0.1 2000 0 1.33333333333333
320 0.1 2000 0 1.33333333333333
20 0.2 2000 0 1.33333333333333
40 0.2 2000 0 1.33333333333333
80 0.2 2000 0 1.33333333333333
160 0.2 2000 0 1.33333333333333
320 0.2 2000 0 1.33333333333333
20 0.4 2000 0 1.33333333333333
40 0.4 2000 0 1.33333333333333
80 0.4 2000 0 1.33333333333333
160 0.4 2000 0 1.33333333333333
320 0.4 2000 0 1.33333333333333
20 0.025 4000 0 1.33333333333333
40 0.025 4000 0 1.33333333333333
80 0.025 4000 0 1.33333333333333
160 0.025 4000 0 1.33333333333333
320 0.025 4000 0 1.33333333333333
20 0.05 4000 0 1.33333333333333
40 0.05 4000 0 1.33333333333333
80 0.05 4000 0 1.33333333333333
160 0.05 4000 0 1.33333333333333
320 0.05 4000 0 1.33333333333333
20 0.1 4000 0 1.33333333333333
40 0.1 4000 0 1.33333333333333
80 0.1 4000 0 1.33333333333333
160 0.1 4000 0 1.33333333333333
320 0.1 4000 0 1.33333333333333
20 0.2 4000 0 1.33333333333333
40 0.2 4000 0 1.33333333333333
80 0.2 4000 0 1.33333333333333
160 0.2 4000 0 1.33333333333333
320 0.2 4000 0 1.33333333333333
20 0.4 4000 0 1.33333333333333
40 0.4 4000 0 1.33333333333333
80 0.4 4000 0 1.33333333333333
160 0.4 4000 0 1.33333333333333
320 0.4 4000 0 1.33333333333333
20 0.025 250 1 1.33333333333333
40 0.025 250 1 1.33333333333333
80 0.025 250 1 1.33333333333333
160 0.025 250 1 1.33333333333333
320 0.025 250 1 1.33333333333333
20 0.05 250 1 1.33333333333333
40 0.05 250 1 1.33333333333333
80 0.05 250 1 1.33333333333333
160 0.05 250 1 1.33333333333333
320 0.05 250 1 1.33333333333333
20 0.1 250 1 1.33333333333333
40 0.1 250 1 1.33333333333333
80 0.1 250 1 1.33333333333333
160 0.1 250 1 1.33333333333333
320 0.1 250 1 1.33333333333333
20 0.2 250 1 1.33333333333333
40 0.2 250 1 1.33333333333333
80 0.2 250 1 1.33333333333333
160 0.2 250 1 1.33333333333333
320 0.2 250 1 1.33333333333333
20 0.4 250 1 1.33333333333333
40 0.4 250 1 1.33333333333333
80 0.4 250 1 1.33333333333333
160 0.4 250 1 1.33333333333333
320 0.4 250 1 1.33333333333333
20 0.025 500 1 1.33333333333333
40 0.025 500 1 1.33333333333333
80 0.025 500 1 1.33333333333333
160 0.025 500 1 1.33333333333333
320 0.025 500 1 1.33333333333333
20 0.05 500 1 1.33333333333333
40 0.05 500 1 1.33333333333333
80 0.05 500 1 1.33333333333333
160 0.05 500 1 1.33333333333333
320 0.05 500 1 1.33333333333333
20 0.1 500 1 1.33333333333333
40 0.1 500 1 1.33333333333333
80 0.1 500 1 1.33333333333333
160 0.1 500 1 1.33333333333333
320 0.1 500 1 1.33333333333333
20 0.2 500 1 1.33333333333333
40 0.2 500 1 1.33333333333333
80 0.2 500 1 1.33333333333333
160 0.2 500 1 1.33333333333333
320 0.2 500 1 1.33333333333333
20 0.4 500 1 1.33333333333333
40 0.4 500 1 1.33333333333333
80 0.4 500 1 1.33333333333333
160 0.4 500 1 1.33333333333333
320 0.4 500 1 1.33333333333333
20 0.025 1000 1 1.33333333333333
40 0.025 1000 1 1.33333333333333
80 0.025 1000 1 1.33333333333333
160 0.025 1000 1 1.33333333333333
320 0.025 1000 1 1.33333333333333
20 0.05 1000 1 1.33333333333333
40 0.05 1000 1 1.33333333333333
80 0.05 1000 1 1.33333333333333
160 0.05 1000 1 1.33333333333333
320 0.05 1000 1 1.33333333333333
20 0.1 1000 1 1.33333333333333
40 0.1 1000 1 1.33333333333333
80 0.1 1000 1 1.33333333333333
160 0.1 1000 1 1.33333333333333
320 0.1 1000 1 1.33333333333333
20 0.2 1000 1 1.33333333333333
40 0.2 1000 1 1.33333333333333
80 0.2 1000 1 1.33333333333333
160 0.2 1000 1 1.33333333333333
320 0.2 1000 1 1.33333333333333
20 0.4 1000 1 1.33333333333333
40 0.4 1000 1 1.33333333333333
80 0.4 1000 1 1.33333333333333
160 0.4 1000 1 1.33333333333333
320 0.4 1000 1 1.33333333333333
20 0.025 2000 1 1.33333333333333
40 0.025 2000 1 1.33333333333333
80 0.025 2000 1 1.33333333333333
160 0.025 2000 1 1.33333333333333
320 0.025 2000 1 1.33333333333333
20 0.05 2000 1 1.33333333333333
40 0.05 2000 1 1.33333333333333
80 0.05 2000 1 1.33333333333333
160 0.05 2000 1 1.33333333333333
320 0.05 2000 1 1.33333333333333
20 0.1 2000 1 1.33333333333333
40 0.1 2000 1 1.33333333333333
80 0.1 2000 1 1.33333333333333
160 0.1 2000 1 1.33333333333333
320 0.1 2000 1 1.33333333333333
20 0.2 2000 1 1.33333333333333
40 0.2 2000 1 1.33333333333333
80 0.2 2000 1 1.33333333333333
160 0.2 2000 1 1.33333333333333
320 0.2 2000 1 1.33333333333333
20 0.4 2000 1 1.33333333333333
40 0.4 2000 1 1.33333333333333
80 0.4 2000 1 1.33333333333333
160 0.4 2000 1 1.33333333333333
320 0.4 2000 1 1.33333333333333
20 0.025 4000 1 1.33333333333333
40 0.025 4000 1 1.33333333333333
80 0.025 4000 1 1.33333333333333
160 0.025 4000 1 1.33333333333333
320 0.025 4000 1 1.33333333333333
20 0.05 4000 1 1.33333333333333
40 0.05 4000 1 1.33333333333333
80 0.05 4000 1 1.33333333333333
160 0.05 4000 1 1.33333333333333
320 0.05 4000 1 1.33333333333333
20 0.1 4000 1 1.33333333333333
40 0.1 4000 1 1.33333333333333
80 0.1 4000 1 1.33333333333333
160 0.1 4000 1 1.33333333333333
320 0.1 4000 1 1.33333333333333
20 0.2 4000 1 1.33333333333333
40 0.2 4000 1 1.33333333333333
80 0.2 4000 1 1.33333333333333
160 0.2 4000 1 1.33333333333333
320 0.2 4000 1 1.33333333333333
20 0.4 4000 1 1.33333333333333
40 0.4 4000 1 1.33333333333333
80 0.4 4000 1 1.33333333333333
160 0.4 4000 1 1.33333333333333
320 0.4 4000 1 1.33333333333333
20 0.025 250 2 1.33333333333333
40 0.025 250 2 1.33333333333333
80 0.025 250 2 1.33333333333333
160 0.025 250 2 1.33333333333333
320 0.025 250 2 1.33333333333333
20 0.05 250 2 1.33333333333333
40 0.05 250 2 1.33333333333333
80 0.05 250 2 1.33333333333333
160 0.05 250 2 1.33333333333333
320 0.05 250 2 1.33333333333333
20 0.1 250 2 1.33333333333333
40 0.1 250 2 1.33333333333333
80 0.1 250 2 1.33333333333333
160 0.1 250 2 1.33333333333333
320 0.1 250 2 1.33333333333333
20 0.2 250 2 1.33333333333333
40 0.2 250 2 1.33333333333333
80 0.2 250 2 1.33333333333333
160 0.2 250 2 1.33333333333333
320 0.2 250 2 1.33333333333333
20 0.4 250 2 1.33333333333333
40 0.4 250 2 1.33333333333333
80 0.4 250 2 1.33333333333333
160 0.4 250 2 1.33333333333333
320 0.4 250 2 1.33333333333333
20 0.025 500 2 1.33333333333333
40 0.025 500 2 1.33333333333333
80 0.025 500 2 1.33333333333333
160 0.025 500 2 1.33333333333333
320 0.025 500 2 1.33333333333333
20 0.05 500 2 1.33333333333333
40 0.05 500 2 1.33333333333333
80 0.05 500 2 1.33333333333333
160 0.05 500 2 1.33333333333333
320 0.05 500 2 1.33333333333333
20 0.1 500 2 1.33333333333333
40 0.1 500 2 1.33333333333333
80 0.1 500 2 1.33333333333333
160 0.1 500 2 1.33333333333333
320 0.1 500 2 1.33333333333333
20 0.2 500 2 1.33333333333333
40 0.2 500 2 1.33333333333333
80 0.2 500 2 1.33333333333333
160 0.2 500 2 1.33333333333333
320 0.2 500 2 1.33333333333333
20 0.4 500 2 1.33333333333333
40 0.4 500 2 1.33333333333333
80 0.4 500 2 1.33333333333333
160 0.4 500 2 1.33333333333333
320 0.4 500 2 1.33333333333333
20 0.025 1000 2 1.33333333333333
40 0.025 1000 2 1.33333333333333
80 0.025 1000 2 1.33333333333333
160 0.025 1000 2 1.33333333333333
320 0.025 1000 2 1.33333333333333
20 0.05 1000 2 1.33333333333333
40 0.05 1000 2 1.33333333333333
80 0.05 1000 2 1.33333333333333
160 0.05 1000 2 1.33333333333333
320 0.05 1000 2 1.33333333333333
20 0.1 1000 2 1.33333333333333
40 0.1 1000 2 1.33333333333333
80 0.1 1000 2 1.33333333333333
160 0.1 1000 2 1.33333333333333
320 0.1 1000 2 1.33333333333333
20 0.2 1000 2 1.33333333333333
40 0.2 1000 2 1.33333333333333
80 0.2 1000 2 1.33333333333333
160 0.2 1000 2 1.33333333333333
320 0.2 1000 2 1.33333333333333
20 0.4 1000 2 1.33333333333333
40 0.4 1000 2 1.33333333333333
80 0.4 1000 2 1.33333333333333
160 0.4 1000 2 1.33333333333333
320 0.4 1000 2 1.33333333333333
20 0.025 2000 2 1.33333333333333
40 0.025 2000 2 1.33333333333333
80 0.025 2000 2 1.33333333333333
160 0.025 2000 2 1.33333333333333
320 0.025 2000 2 1.33333333333333
20 0.05 2000 2 1.33333333333333
40 0.05 2000 2 1.33333333333333
80 0.05 2000 2 1.33333333333333
160 0.05 2000 2 1.33333333333333
320 0.05 2000 2 1.33333333333333
20 0.1 2000 2 1.33333333333333
40 0.1 2000 2 1.33333333333333
80 0.1 2000 2 1.33333333333333
160 0.1 2000 2 1.33333333333333
320 0.1 2000 2 1.33333333333333
20 0.2 2000 2 1.33333333333333
40 0.2 2000 2 1.33333333333333
80 0.2 2000 2 1.33333333333333
160 0.2 2000 2 1.33333333333333
320 0.2 2000 2 1.33333333333333
20 0.4 2000 2 1.33333333333333
40 0.4 2000 2 1.33333333333333
80 0.4 2000 2 1.33333333333333
160 0.4 2000 2 1.33333333333333
320 0.4 2000 2 1.33333333333333
20 0.025 4000 2 1.33333333333333
40 0.025 4000 2 1.33333333333333
80 0.025 4000 2 1.33333333333333
160 0.025 4000 2 1.33333333333333
320 0.025 4000 2 1.33333333333333
20 0.05 4000 2 1.33333333333333
40 0.05 4000 2 1.33333333333333
80 0.05 4000 2 1.33333333333333
160 0.05 4000 2 1.33333333333333
320 0.05 4000 2 1.33333333333333
20 0.1 4000 2 1.33333333333333
40 0.1 4000 2 1.33333333333333
80 0.1 4000 2 1.33333333333333
160 0.1 4000 2 1.33333333333333
320 0.1 4000 2 1.33333333333333
20 0.2 4000 2 1.33333333333333
40 0.2 4000 2 1.33333333333333
80 0.2 4000 2 1.33333333333333
160 0.2 4000 2 1.33333333333333
320 0.2 4000 2 1.33333333333333
20 0.4 4000 2 1.33333333333333
40 0.4 4000 2 1.33333333333333
80 0.4 4000 2 1.33333333333333
160 0.4 4000 2 1.33333333333333
320 0.4 4000 2 1.33333333333333
20 0.025 250 4 1.33333333333333
40 0.025 250 4 1.33333333333333
80 0.025 250 4 1.33333333333333
160 0.025 250 4 1.33333333333333
320 0.025 250 4 1.33333333333333
20 0.05 250 4 1.33333333333333
40 0.05 250 4 1.33333333333333
80 0.05 250 4 1.33333333333333
160 0.05 250 4 1.33333333333333
320 0.05 250 4 1.33333333333333
20 0.1 250 4 1.33333333333333
40 0.1 250 4 1.33333333333333
80 0.1 250 4 1.33333333333333
160 0.1 250 4 1.33333333333333
320 0.1 250 4 1.33333333333333
20 0.2 250 4 1.33333333333333
40 0.2 250 4 1.33333333333333
80 0.2 250 4 1.33333333333333
160 0.2 250 4 1.33333333333333
320 0.2 250 4 1.33333333333333
20 0.4 250 4 1.33333333333333
40 0.4 250 4 1.33333333333333
80 0.4 250 4 1.33333333333333
160 0.4 250 4 1.33333333333333
320 0.4 250 4 1.33333333333333
20 0.025 500 4 1.33333333333333
40 0.025 500 4 1.33333333333333
80 0.025 500 4 1.33333333333333
160 0.025 500 4 1.33333333333333
320 0.025 500 4 1.33333333333333
20 0.05 500 4 1.33333333333333
40 0.05 500 4 1.33333333333333
80 0.05 500 4 1.33333333333333
160 0.05 500 4 1.33333333333333
320 0.05 500 4 1.33333333333333
20 0.1 500 4 1.33333333333333
40 0.1 500 4 1.33333333333333
80 0.1 500 4 1.33333333333333
160 0.1 500 4 1.33333333333333
320 0.1 500 4 1.33333333333333
20 0.2 500 4 1.33333333333333
40 0.2 500 4 1.33333333333333
80 0.2 500 4 1.33333333333333
160 0.2 500 4 1.33333333333333
320 0.2 500 4 1.33333333333333
20 0.4 500 4 1.33333333333333
40 0.4 500 4 1.33333333333333
80 0.4 500 4 1.33333333333333
160 0.4 500 4 1.33333333333333
320 0.4 500 4 1.33333333333333
20 0.025 1000 4 1.33333333333333
40 0.025 1000 4 1.33333333333333
80 0.025 1000 4 1.33333333333333
160 0.025 1000 4 1.33333333333333
320 0.025 1000 4 1.33333333333333
20 0.05 1000 4 1.33333333333333
40 0.05 1000 4 1.33333333333333
80 0.05 1000 4 1.33333333333333
160 0.05 1000 4 1.33333333333333
320 0.05 1000 4 1.33333333333333
20 0.1 1000 4 1.33333333333333
40 0.1 1000 4 1.33333333333333
80 0.1 1000 4 1.33333333333333
160 0.1 1000 4 1.33333333333333
320 0.1 1000 4 1.33333333333333
20 0.2 1000 4 1.33333333333333
40 0.2 1000 4 1.33333333333333
80 0.2 1000 4 1.33333333333333
160 0.2 1000 4 1.33333333333333
320 0.2 1000 4 1.33333333333333
20 0.4 1000 4 1.33333333333333
40 0.4 1000 4 1.33333333333333
80 0.4 1000 4 1.33333333333333
160 0.4 1000 4 1.33333333333333
320 0.4 1000 4 1.33333333333333
20 0.025 2000 4 1.33333333333333
40 0.025 2000 4 1.33333333333333
80 0.025 2000 4 1.33333333333333
160 0.025 2000 4 1.33333333333333
320 0.025 2000 4 1.33333333333333
20 0.05 2000 4 1.33333333333333
40 0.05 2000 4 1.33333333333333
80 0.05 2000 4 1.33333333333333
160 0.05 2000 4 1.33333333333333
320 0.05 2000 4 1.33333333333333
20 0.1 2000 4 1.33333333333333
40 0.1 2000 4 1.33333333333333
80 0.1 2000 4 1.33333333333333
160 0.1 2000 4 1.33333333333333
320 0.1 2000 4 1.33333333333333
20 0.2 2000 4 1.33333333333333
40 0.2 2000 4 1.33333333333333
80 0.2 2000 4 1.33333333333333
160 0.2 2000 4 1.33333333333333
320 0.2 2000 4 1.33333333333333
20 0.4 2000 4 1.33333333333333
40 0.4 2000 4 1.33333333333333
80 0.4 2000 4 1.33333333333333
160 0.4 2000 4 1.33333333333333
320 0.4 2000 4 1.33333333333333
20 0.025 4000 4 1.33333333333333
40 0.025 4000 4 1.33333333333333
80 0.025 4000 4 1.33333333333333
160 0.025 4000 4 1.33333333333333
320 0.025 4000 4 1.33333333333333
20 0.05 4000 4 1.33333333333333
40 0.05 4000 4 1.33333333333333
80 0.05 4000 4 1.33333333333333
160 0.05 4000 4 1.33333333333333
320 0.05 4000 4 1.33333333333333
20 0.1 4000 4 1.33333333333333
40 0.1 4000 4 1.33333333333333
80 0.1 4000 4 1.33333333333333
160 0.1 4000 4 1.33333333333333
320 0.1 4000 4 1.33333333333333
20 0.2 4000 4 1.33333333333333
40 0.2 4000 4 1.33333333333333
80 0.2 4000 4 1.33333333333333
160 0.2 4000 4 1.33333333333333
320 0.2 4000 4 1.33333333333333
20 0.4 4000 4 1.33333333333333
40 0.4 4000 4 1.33333333333333
80 0.4 4000 4 1.33333333333333
160 0.4 4000 4 1.33333333333333
320 0.4 4000 4 1.33333333333333
20 0.025 250 8 1.33333333333333
40 0.025 250 8 1.33333333333333
80 0.025 250 8 1.33333333333333
160 0.025 250 8 1.33333333333333
320 0.025 250 8 1.33333333333333
20 0.05 250 8 1.33333333333333
40 0.05 250 8 1.33333333333333
80 0.05 250 8 1.33333333333333
160 0.05 250 8 1.33333333333333
320 0.05 250 8 1.33333333333333
20 0.1 250 8 1.33333333333333
40 0.1 250 8 1.33333333333333
80 0.1 250 8 1.33333333333333
160 0.1 250 8 1.33333333333333
320 0.1 250 8 1.33333333333333
20 0.2 250 8 1.33333333333333
40 0.2 250 8 1.33333333333333
80 0.2 250 8 1.33333333333333
160 0.2 250 8 1.33333333333333
320 0.2 250 8 1.33333333333333
20 0.4 250 8 1.33333333333333
40 0.4 250 8 1.33333333333333
80 0.4 250 8 1.33333333333333
160 0.4 250 8 1.33333333333333
320 0.4 250 8 1.33333333333333
20 0.025 500 8 1.33333333333333
40 0.025 500 8 1.33333333333333
80 0.025 500 8 1.33333333333333
160 0.025 500 8 1.33333333333333
320 0.025 500 8 1.33333333333333
20 0.05 500 8 1.33333333333333
40 0.05 500 8 1.33333333333333
80 0.05 500 8 1.33333333333333
160 0.05 500 8 1.33333333333333
320 0.05 500 8 1.33333333333333
20 0.1 500 8 1.33333333333333
40 0.1 500 8 1.33333333333333
80 0.1 500 8 1.33333333333333
160 0.1 500 8 1.33333333333333
320 0.1 500 8 1.33333333333333
20 0.2 500 8 1.33333333333333
40 0.2 500 8 1.33333333333333
80 0.2 500 8 1.33333333333333
160 0.2 500 8 1.33333333333333
320 0.2 500 8 1.33333333333333
20 0.4 500 8 1.33333333333333
40 0.4 500 8 1.33333333333333
80 0.4 500 8 1.33333333333333
160 0.4 500 8 1.33333333333333
320 0.4 500 8 1.33333333333333
20 0.025 1000 8 1.33333333333333
40 0.025 1000 8 1.33333333333333
80 0.025 1000 8 1.33333333333333
160 0.025 1000 8 1.33333333333333
320 0.025 1000 8 1.33333333333333
20 0.05 1000 8 1.33333333333333
40 0.05 1000 8 1.33333333333333
80 0.05 1000 8 1.33333333333333
160 0.05 1000 8 1.33333333333333
320 0.05 1000 8 1.33333333333333
20 0.1 1000 8 1.33333333333333
40 0.1 1000 8 1.33333333333333
80 0.1 1000 8 1.33333333333333
160 0.1 1000 8 1.33333333333333
320 0.1 1000 8 1.33333333333333
20 0.2 1000 8 1.33333333333333
40 0.2 1000 8 1.33333333333333
80 0.2 1000 8 1.33333333333333
160 0.2 1000 8 1.33333333333333
320 0.2 1000 8 1.33333333333333
20 0.4 1000 8 1.33333333333333
40 0.4 1000 8 1.33333333333333
80 0.4 1000 8 1.33333333333333
160 0.4 1000 8 1.33333333333333
320 0.4 1000 8 1.33333333333333
20 0.025 2000 8 1.33333333333333
40 0.025 2000 8 1.33333333333333
80 0.025 2000 8 1.33333333333333
160 0.025 2000 8 1.33333333333333
320 0.025 2000 8 1.33333333333333
20 0.05 2000 8 1.33333333333333
40 0.05 2000 8 1.33333333333333
80 0.05 2000 8 1.33333333333333
160 0.05 2000 8 1.33333333333333
320 0.05 2000 8 1.33333333333333
20 0.1 2000 8 1.33333333333333
40 0.1 2000 8 1.33333333333333
80 0.1 2000 8 1.33333333333333
160 0.1 2000 8 1.33333333333333
320 0.1 2000 8 1.33333333333333
20 0.2 2000 8 1.33333333333333
40 0.2 2000 8 1.33333333333333
80 0.2 2000 8 1.33333333333333
160 0.2 2000 8 1.33333333333333
320 0.2 2000 8 1.33333333333333
20 0.4 2000 8 1.33333333333333
40 0.4 2000 8 1.33333333333333
80 0.4 2000 8 1.33333333333333
160 0.4 2000 8 1.33333333333333
320 0.4 2000 8 1.33333333333333
20 0.025 4000 8 1.33333333333333
40 0.025 4000 8 1.33333333333333
80 0.025 4000 8 1.33333333333333
160 0.025 4000 8 1.33333333333333
320 0.025 4000 8 1.33333333333333
20 0.05 4000 8 1.33333333333333
40 0.05 4000 8 1.33333333333333
80 0.05 4000 8 1.33333333333333
160 0.05 4000 8 1.33333333333333
320 0.05 4000 8 1.33333333333333
20 0.1 4000 8 1.33333333333333
40 0.1 4000 8 1.33333333333333
80 0.1 4000 8 1.33333333333333
160 0.1 4000 8 1.33333333333333
320 0.1 4000 8 1.33333333333333
20 0.2 4000 8 1.33333333333333
40 0.2 4000 8 1.33333333333333
80 0.2 4000 8 1.33333333333333
160 0.2 4000 8 1.33333333333333
320 0.2 4000 8 1.33333333333333
20 0.4 4000 8 1.33333333333333
40 0.4 4000 8 1.33333333333333
80 0.4 4000 8 1.33333333333333
160 0.4 4000 8 1.33333333333333
320 0.4 4000 8 1.33333333333333
20 0.025 250 0 1.66666666666667
40 0.025 250 0 1.66666666666667
80 0.025 250 0 1.66666666666667
160 0.025 250 0 1.66666666666667
320 0.025 250 0 1.66666666666667
20 0.05 250 0 1.66666666666667
40 0.05 250 0 1.66666666666667
80 0.05 250 0 1.66666666666667
160 0.05 250 0 1.66666666666667
320 0.05 250 0 1.66666666666667
20 0.1 250 0 1.66666666666667
40 0.1 250 0 1.66666666666667
80 0.1 250 0 1.66666666666667
160 0.1 250 0 1.66666666666667
320 0.1 250 0 1.66666666666667
20 0.2 250 0 1.66666666666667
40 0.2 250 0 1.66666666666667
80 0.2 250 0 1.66666666666667
160 0.2 250 0 1.66666666666667
320 0.2 250 0 1.66666666666667
20 0.4 250 0 1.66666666666667
40 0.4 250 0 1.66666666666667
80 0.4 250 0 1.66666666666667
160 0.4 250 0 1.66666666666667
320 0.4 250 0 1.66666666666667
20 0.025 500 0 1.66666666666667
40 0.025 500 0 1.66666666666667
80 0.025 500 0 1.66666666666667
160 0.025 500 0 1.66666666666667
320 0.025 500 0 1.66666666666667
20 0.05 500 0 1.66666666666667
40 0.05 500 0 1.66666666666667
80 0.05 500 0 1.66666666666667
160 0.05 500 0 1.66666666666667
320 0.05 500 0 1.66666666666667
20 0.1 500 0 1.66666666666667
40 0.1 500 0 1.66666666666667
80 0.1 500 0 1.66666666666667
160 0.1 500 0 1.66666666666667
320 0.1 500 0 1.66666666666667
20 0.2 500 0 1.66666666666667
40 0.2 500 0 1.66666666666667
80 0.2 500 0 1.66666666666667
160 0.2 500 0 1.66666666666667
320 0.2 500 0 1.66666666666667
20 0.4 500 0 1.66666666666667
40 0.4 500 0 1.66666666666667
80 0.4 500 0 1.66666666666667
160 0.4 500 0 1.66666666666667
320 0.4 500 0 1.66666666666667
20 0.025 1000 0 1.66666666666667
40 0.025 1000 0 1.66666666666667
80 0.025 1000 0 1.66666666666667
160 0.025 1000 0 1.66666666666667
320 0.025 1000 0 1.66666666666667
20 0.05 1000 0 1.66666666666667
40 0.05 1000 0 1.66666666666667
80 0.05 1000 0 1.66666666666667
160 0.05 1000 0 1.66666666666667
320 0.05 1000 0 1.66666666666667
20 0.1 1000 0 1.66666666666667
40 0.1 1000 0 1.66666666666667
80 0.1 1000 0 1.66666666666667
160 0.1 1000 0 1.66666666666667
320 0.1 1000 0 1.66666666666667
20 0.2 1000 0 1.66666666666667
40 0.2 1000 0 1.66666666666667
80 0.2 1000 0 1.66666666666667
160 0.2 1000 0 1.66666666666667
320 0.2 1000 0 1.66666666666667
20 0.4 1000 0 1.66666666666667
40 0.4 1000 0 1.66666666666667
80 0.4 1000 0 1.66666666666667
160 0.4 1000 0 1.66666666666667
320 0.4 1000 0 1.66666666666667
20 0.025 2000 0 1.66666666666667
40 0.025 2000 0 1.66666666666667
80 0.025 2000 0 1.66666666666667
160 0.025 2000 0 1.66666666666667
320 0.025 2000 0 1.66666666666667
20 0.05 2000 0 1.66666666666667
40 0.05 2000 0 1.66666666666667
80 0.05 2000 0 1.66666666666667
160 0.05 2000 0 1.66666666666667
320 0.05 2000 0 1.66666666666667
20 0.1 2000 0 1.66666666666667
40 0.1 2000 0 1.66666666666667
80 0.1 2000 0 1.66666666666667
160 0.1 2000 0 1.66666666666667
320 0.1 2000 0 1.66666666666667
20 0.2 2000 0 1.66666666666667
40 0.2 2000 0 1.66666666666667
80 0.2 2000 0 1.66666666666667
160 0.2 2000 0 1.66666666666667
320 0.2 2000 0 1.66666666666667
20 0.4 2000 0 1.66666666666667
40 0.4 2000 0 1.66666666666667
80 0.4 2000 0 1.66666666666667
160 0.4 2000 0 1.66666666666667
320 0.4 2000 0 1.66666666666667
20 0.025 4000 0 1.66666666666667
40 0.025 4000 0 1.66666666666667
80 0.025 4000 0 1.66666666666667
160 0.025 4000 0 1.66666666666667
320 0.025 4000 0 1.66666666666667
20 0.05 4000 0 1.66666666666667
40 0.05 4000 0 1.66666666666667
80 0.05 4000 0 1.66666666666667
160 0.05 4000 0 1.66666666666667
320 0.05 4000 0 1.66666666666667
20 0.1 4000 0 1.66666666666667
40 0.1 4000 0 1.66666666666667
80 0.1 4000 0 1.66666666666667
160 0.1 4000 0 1.66666666666667
320 0.1 4000 0 1.66666666666667
20 0.2 4000 0 1.66666666666667
40 0.2 4000 0 1.66666666666667
80 0.2 4000 0 1.66666666666667
160 0.2 4000 0 1.66666666666667
320 0.2 4000 0 1.66666666666667
20 0.4 4000 0 1.66666666666667
40 0.4 4000 0 1.66666666666667
80 0.4 4000 0 1.66666666666667
160 0.4 4000 0 1.66666666666667
320 0.4 4000 0 1.66666666666667
20 0.025 250 1 1.66666666666667
40 0.025 250 1 1.66666666666667
80 0.025 250 1 1.66666666666667
160 0.025 250 1 1.66666666666667
320 0.025 250 1 1.66666666666667
20 0.05 250 1 1.66666666666667
40 0.05 250 1 1.66666666666667
80 0.05 250 1 1.66666666666667
160 0.05 250 1 1.66666666666667
320 0.05 250 1 1.66666666666667
20 0.1 250 1 1.66666666666667
40 0.1 250 1 1.66666666666667
80 0.1 250 1 1.66666666666667
160 0.1 250 1 1.66666666666667
320 0.1 250 1 1.66666666666667
20 0.2 250 1 1.66666666666667
40 0.2 250 1 1.66666666666667
80 0.2 250 1 1.66666666666667
160 0.2 250 1 1.66666666666667
320 0.2 250 1 1.66666666666667
20 0.4 250 1 1.66666666666667
40 0.4 250 1 1.66666666666667
80 0.4 250 1 1.66666666666667
160 0.4 250 1 1.66666666666667
320 0.4 250 1 1.66666666666667
20 0.025 500 1 1.66666666666667
40 0.025 500 1 1.66666666666667
80 0.025 500 1 1.66666666666667
160 0.025 500 1 1.66666666666667
320 0.025 500 1 1.66666666666667
20 0.05 500 1 1.66666666666667
40 0.05 500 1 1.66666666666667
80 0.05 500 1 1.66666666666667
160 0.05 500 1 1.66666666666667
320 0.05 500 1 1.66666666666667
20 0.1 500 1 1.66666666666667
40 0.1 500 1 1.66666666666667
80 0.1 500 1 1.66666666666667
160 0.1 500 1 1.66666666666667
320 0.1 500 1 1.66666666666667
20 0.2 500 1 1.66666666666667
40 0.2 500 1 1.66666666666667
80 0.2 500 1 1.66666666666667
160 0.2 500 1 1.66666666666667
320 0.2 500 1 1.66666666666667
20 0.4 500 1 1.66666666666667
40 0.4 500 1 1.66666666666667
80 0.4 500 1 1.66666666666667
160 0.4 500 1 1.66666666666667
320 0.4 500 1 1.66666666666667
20 0.025 1000 1 1.66666666666667
40 0.025 1000 1 1.66666666666667
80 0.025 1000 1 1.66666666666667
160 0.025 1000 1 1.66666666666667
320 0.025 1000 1 1.66666666666667
20 0.05 1000 1 1.66666666666667
40 0.05 1000 1 1.66666666666667
80 0.05 1000 1 1.66666666666667
160 0.05 1000 1 1.66666666666667
320 0.05 1000 1 1.66666666666667
20 0.1 1000 1 1.66666666666667
40 0.1 1000 1 1.66666666666667
80 0.1 1000 1 1.66666666666667
160 0.1 1000 1 1.66666666666667
320 0.1 1000 1 1.66666666666667
20 0.2 1000 1 1.66666666666667
40 0.2 1000 1 1.66666666666667
80 0.2 1000 1 1.66666666666667
160 0.2 1000 1 1.66666666666667
320 0.2 1000 1 1.66666666666667
20 0.4 1000 1 1.66666666666667
40 0.4 1000 1 1.66666666666667
80 0.4 1000 1 1.66666666666667
160 0.4 1000 1 1.66666666666667
320 0.4 1000 1 1.66666666666667
20 0.025 2000 1 1.66666666666667
40 0.025 2000 1 1.66666666666667
80 0.025 2000 1 1.66666666666667
160 0.025 2000 1 1.66666666666667
320 0.025 2000 1 1.66666666666667
20 0.05 2000 1 1.66666666666667
40 0.05 2000 1 1.66666666666667
80 0.05 2000 1 1.66666666666667
160 0.05 2000 1 1.66666666666667
320 0.05 2000 1 1.66666666666667
20 0.1 2000 1 1.66666666666667
40 0.1 2000 1 1.66666666666667
80 0.1 2000 1 1.66666666666667
160 0.1 2000 1 1.66666666666667
320 0.1 2000 1 1.66666666666667
20 0.2 2000 1 1.66666666666667
40 0.2 2000 1 1.66666666666667
80 0.2 2000 1 1.66666666666667
160 0.2 2000 1 1.66666666666667
320 0.2 2000 1 1.66666666666667
20 0.4 2000 1 1.66666666666667
40 0.4 2000 1 1.66666666666667
80 0.4 2000 1 1.66666666666667
160 0.4 2000 1 1.66666666666667
320 0.4 2000 1 1.66666666666667
20 0.025 4000 1 1.66666666666667
40 0.025 4000 1 1.66666666666667
80 0.025 4000 1 1.66666666666667
160 0.025 4000 1 1.66666666666667
320 0.025 4000 1 1.66666666666667
20 0.05 4000 1 1.66666666666667
40 0.05 4000 1 1.66666666666667
80 0.05 4000 1 1.66666666666667
160 0.05 4000 1 1.66666666666667
320 0.05 4000 1 1.66666666666667
20 0.1 4000 1 1.66666666666667
40 0.1 4000 1 1.66666666666667
80 0.1 4000 1 1.66666666666667
160 0.1 4000 1 1.66666666666667
320 0.1 4000 1 1.66666666666667
20 0.2 4000 1 1.66666666666667
40 0.2 4000 1 1.66666666666667
80 0.2 4000 1 1.66666666666667
160 0.2 4000 1 1.66666666666667
320 0.2 4000 1 1.66666666666667
20 0.4 4000 1 1.66666666666667
40 0.4 4000 1 1.66666666666667
80 0.4 4000 1 1.66666666666667
160 0.4 4000 1 1.66666666666667
320 0.4 4000 1 1.66666666666667
20 0.025 250 2 1.66666666666667
40 0.025 250 2 1.66666666666667
80 0.025 250 2 1.66666666666667
160 0.025 250 2 1.66666666666667
320 0.025 250 2 1.66666666666667
20 0.05 250 2 1.66666666666667
40 0.05 250 2 1.66666666666667
80 0.05 250 2 1.66666666666667
160 0.05 250 2 1.66666666666667
320 0.05 250 2 1.66666666666667
20 0.1 250 2 1.66666666666667
40 0.1 250 2 1.66666666666667
80 0.1 250 2 1.66666666666667
160 0.1 250 2 1.66666666666667
320 0.1 250 2 1.66666666666667
20 0.2 250 2 1.66666666666667
40 0.2 250 2 1.66666666666667
80 0.2 250 2 1.66666666666667
160 0.2 250 2 1.66666666666667
320 0.2 250 2 1.66666666666667
20 0.4 250 2 1.66666666666667
40 0.4 250 2 1.66666666666667
80 0.4 250 2 1.66666666666667
160 0.4 250 2 1.66666666666667
320 0.4 250 2 1.66666666666667
20 0.025 500 2 1.66666666666667
40 0.025 500 2 1.66666666666667
80 0.025 500 2 1.66666666666667
160 0.025 500 2 1.66666666666667
320 0.025 500 2 1.66666666666667
20 0.05 500 2 1.66666666666667
40 0.05 500 2 1.66666666666667
80 0.05 500 2 1.66666666666667
160 0.05 500 2 1.66666666666667
320 0.05 500 2 1.66666666666667
20 0.1 500 2 1.66666666666667
40 0.1 500 2 1.66666666666667
80 0.1 500 2 1.66666666666667
160 0.1 500 2 1.66666666666667
320 0.1 500 2 1.66666666666667
20 0.2 500 2 1.66666666666667
40 0.2 500 2 1.66666666666667
80 0.2 500 2 1.66666666666667
160 0.2 500 2 1.66666666666667
320 0.2 500 2 1.66666666666667
20 0.4 500 2 1.66666666666667
40 0.4 500 2 1.66666666666667
80 0.4 500 2 1.66666666666667
160 0.4 500 2 1.66666666666667
320 0.4 500 2 1.66666666666667
20 0.025 1000 2 1.66666666666667
40 0.025 1000 2 1.66666666666667
80 0.025 1000 2 1.66666666666667
160 0.025 1000 2 1.66666666666667
320 0.025 1000 2 1.66666666666667
20 0.05 1000 2 1.66666666666667
40 0.05 1000 2 1.66666666666667
80 0.05 1000 2 1.66666666666667
160 0.05 1000 2 1.66666666666667
320 0.05 1000 2 1.66666666666667
20 0.1 1000 2 1.66666666666667
40 0.1 1000 2 1.66666666666667
80 0.1 1000 2 1.66666666666667
160 0.1 1000 2 1.66666666666667
320 0.1 1000 2 1.66666666666667
20 0.2 1000 2 1.66666666666667
40 0.2 1000 2 1.66666666666667
80 0.2 1000 2 1.66666666666667
160 0.2 1000 2 1.66666666666667
320 0.2 1000 2 1.66666666666667
20 0.4 1000 2 1.66666666666667
40 0.4 1000 2 1.66666666666667
80 0.4 1000 2 1.66666666666667
160 0.4 1000 2 1.66666666666667
320 0.4 1000 2 1.66666666666667
20 0.025 2000 2 1.66666666666667
40 0.025 2000 2 1.66666666666667
80 0.025 2000 2 1.66666666666667
160 0.025 2000 2 1.66666666666667
320 0.025 2000 2 1.66666666666667
20 0.05 2000 2 1.66666666666667
40 0.05 2000 2 1.66666666666667
80 0.05 2000 2 1.66666666666667
160 0.05 2000 2 1.66666666666667
320 0.05 2000 2 1.66666666666667
20 0.1 2000 2 1.66666666666667
40 0.1 2000 2 1.66666666666667
80 0.1 2000 2 1.66666666666667
160 0.1 2000 2 1.66666666666667
320 0.1 2000 2 1.66666666666667
20 0.2 2000 2 1.66666666666667
40 0.2 2000 2 1.66666666666667
80 0.2 2000 2 1.66666666666667
160 0.2 2000 2 1.66666666666667
320 0.2 2000 2 1.66666666666667
20 0.4 2000 2 1.66666666666667
40 0.4 2000 2 1.66666666666667
80 0.4 2000 2 1.66666666666667
160 0.4 2000 2 1.66666666666667
320 0.4 2000 2 1.66666666666667
20 0.025 4000 2 1.66666666666667
40 0.025 4000 2 1.66666666666667
80 0.025 4000 2 1.66666666666667
160 0.025 4000 2 1.66666666666667
320 0.025 4000 2 1.66666666666667
20 0.05 4000 2 1.66666666666667
40 0.05 4000 2 1.66666666666667
80 0.05 4000 2 1.66666666666667
160 0.05 4000 2 1.66666666666667
320 0.05 4000 2 1.66666666666667
20 0.1 4000 2 1.66666666666667
40 0.1 4000 2 1.66666666666667
80 0.1 4000 2 1.66666666666667
160 0.1 4000 2 1.66666666666667
320 0.1 4000 2 1.66666666666667
20 0.2 4000 2 1.66666666666667
40 0.2 4000 2 1.66666666666667
80 0.2 4000 2 1.66666666666667
160 0.2 4000 2 1.66666666666667
320 0.2 4000 2 1.66666666666667
20 0.4 4000 2 1.66666666666667
40 0.4 4000 2 1.66666666666667
80 0.4 4000 2 1.66666666666667
160 0.4 4000 2 1.66666666666667
320 0.4 4000 2 1.66666666666667
20 0.025 250 4 1.66666666666667
40 0.025 250 4 1.66666666666667
80 0.025 250 4 1.66666666666667
160 0.025 250 4 1.66666666666667
320 0.025 250 4 1.66666666666667
20 0.05 250 4 1.66666666666667
40 0.05 250 4 1.66666666666667
80 0.05 250 4 1.66666666666667
160 0.05 250 4 1.66666666666667
320 0.05 250 4 1.66666666666667
20 0.1 250 4 1.66666666666667
40 0.1 250 4 1.66666666666667
80 0.1 250 4 1.66666666666667
160 0.1 250 4 1.66666666666667
320 0.1 250 4 1.66666666666667
20 0.2 250 4 1.66666666666667
40 0.2 250 4 1.66666666666667
80 0.2 250 4 1.66666666666667
160 0.2 250 4 1.66666666666667
320 0.2 250 4 1.66666666666667
20 0.4 250 4 1.66666666666667
40 0.4 250 4 1.66666666666667
80 0.4 250 4 1.66666666666667
160 0.4 250 4 1.66666666666667
320 0.4 250 4 1.66666666666667
20 0.025 500 4 1.66666666666667
40 0.025 500 4 1.66666666666667
80 0.025 500 4 1.66666666666667
160 0.025 500 4 1.66666666666667
320 0.025 500 4 1.66666666666667
20 0.05 500 4 1.66666666666667
40 0.05 500 4 1.66666666666667
80 0.05 500 4 1.66666666666667
160 0.05 500 4 1.66666666666667
320 0.05 500 4 1.66666666666667
20 0.1 500 4 1.66666666666667
40 0.1 500 4 1.66666666666667
80 0.1 500 4 1.66666666666667
160 0.1 500 4 1.66666666666667
320 0.1 500 4 1.66666666666667
20 0.2 500 4 1.66666666666667
40 0.2 500 4 1.66666666666667
80 0.2 500 4 1.66666666666667
160 0.2 500 4 1.66666666666667
320 0.2 500 4 1.66666666666667
20 0.4 500 4 1.66666666666667
40 0.4 500 4 1.66666666666667
80 0.4 500 4 1.66666666666667
160 0.4 500 4 1.66666666666667
320 0.4 500 4 1.66666666666667
20 0.025 1000 4 1.66666666666667
40 0.025 1000 4 1.66666666666667
80 0.025 1000 4 1.66666666666667
160 0.025 1000 4 1.66666666666667
320 0.025 1000 4 1.66666666666667
20 0.05 1000 4 1.66666666666667
40 0.05 1000 4 1.66666666666667
80 0.05 1000 4 1.66666666666667
160 0.05 1000 4 1.66666666666667
320 0.05 1000 4 1.66666666666667
20 0.1 1000 4 1.66666666666667
40 0.1 1000 4 1.66666666666667
80 0.1 1000 4 1.66666666666667
160 0.1 1000 4 1.66666666666667
320 0.1 1000 4 1.66666666666667
20 0.2 1000 4 1.66666666666667
40 0.2 1000 4 1.66666666666667
80 0.2 1000 4 1.66666666666667
160 0.2 1000 4 1.66666666666667
320 0.2 1000 4 1.66666666666667
20 0.4 1000 4 1.66666666666667
40 0.4 1000 4 1.66666666666667
80 0.4 1000 4 1.66666666666667
160 0.4 1000 4 1.66666666666667
320 0.4 1000 4 1.66666666666667
20 0.025 2000 4 1.66666666666667
40 0.025 2000 4 1.66666666666667
80 0.025 2000 4 1.66666666666667
160 0.025 2000 4 1.66666666666667
320 0.025 2000 4 1.66666666666667
20 0.05 2000 4 1.66666666666667
40 0.05 2000 4 1.66666666666667
80 0.05 2000 4 1.66666666666667
160 0.05 2000 4 1.66666666666667
320 0.05 2000 4 1.66666666666667
20 0.1 2000 4 1.66666666666667
40 0.1 2000 4 1.66666666666667
80 0.1 2000 4 1.66666666666667
160 0.1 2000 4 1.66666666666667
320 0.1 2000 4 1.66666666666667
20 0.2 2000 4 1.66666666666667
40 0.2 2000 4 1.66666666666667
80 0.2 2000 4 1.66666666666667
160 0.2 2000 4 1.66666666666667
320 0.2 2000 4 1.66666666666667
20 0.4 2000 4 1.66666666666667
40 0.4 2000 4 1.66666666666667
80 0.4 2000 4 1.66666666666667
160 0.4 2000 4 1.66666666666667
320 0.4 2000 4 1.66666666666667
20 0.025 4000 4 1.66666666666667
40 0.025 4000 4 1.66666666666667
80 0.025 4000 4 1.66666666666667
160 0.025 4000 4 1.66666666666667
320 0.025 4000 4 1.66666666666667
20 0.05 4000 4 1.66666666666667
40 0.05 4000 4 1.66666666666667
80 0.05 4000 4 1.66666666666667
160 0.05 4000 4 1.66666666666667
320 0.05 4000 4 1.66666666666667
20 0.1 4000 4 1.66666666666667
40 0.1 4000 4 1.66666666666667
80 0.1 4000 4 1.66666666666667
160 0.1 4000 4 1.66666666666667
320 0.1 4000 4 1.66666666666667
20 0.2 4000 4 1.66666666666667
40 0.2 4000 4 1.66666666666667
80 0.2 4000 4 1.66666666666667
160 0.2 4000 4 1.66666666666667
320 0.2 4000 4 1.66666666666667
20 0.4 4000 4 1.66666666666667
40 0.4 4000 4 1.66666666666667
80 0.4 4000 4 1.66666666666667
160 0.4 4000 4 1.66666666666667
320 0.4 4000 4 1.66666666666667
20 0.025 250 8 1.66666666666667
40 0.025 250 8 1.66666666666667
80 0.025 250 8 1.66666666666667
160 0.025 250 8 1.66666666666667
320 0.025 250 8 1.66666666666667
20 0.05 250 8 1.66666666666667
40 0.05 250 8 1.66666666666667
80 0.05 250 8 1.66666666666667
160 0.05 250 8 1.66666666666667
320 0.05 250 8 1.66666666666667
20 0.1 250 8 1.66666666666667
40 0.1 250 8 1.66666666666667
80 0.1 250 8 1.66666666666667
160 0.1 250 8 1.66666666666667
320 0.1 250 8 1.66666666666667
20 0.2 250 8 1.66666666666667
40 0.2 250 8 1.66666666666667
80 0.2 250 8 1.66666666666667
160 0.2 250 8 1.66666666666667
320 0.2 250 8 1.66666666666667
20 0.4 250 8 1.66666666666667
40 0.4 250 8 1.66666666666667
80 0.4 250 8 1.66666666666667
160 0.4 250 8 1.66666666666667
320 0.4 250 8 1.66666666666667
20 0.025 500 8 1.66666666666667
40 0.025 500 8 1.66666666666667
80 0.025 500 8 1.66666666666667
160 0.025 500 8 1.66666666666667
320 0.025 500 8 1.66666666666667
20 0.05 500 8 1.66666666666667
40 0.05 500 8 1.66666666666667
80 0.05 500 8 1.66666666666667
160 0.05 500 8 1.66666666666667
320 0.05 500 8 1.66666666666667
20 0.1 500 8 1.66666666666667
40 0.1 500 8 1.66666666666667
80 0.1 500 8 1.66666666666667
160 0.1 500 8 1.66666666666667
320 0.1 500 8 1.66666666666667
20 0.2 500 8 1.66666666666667
40 0.2 500 8 1.66666666666667
80 0.2 500 8 1.66666666666667
160 0.2 500 8 1.66666666666667
320 0.2 500 8 1.66666666666667
20 0.4 500 8 1.66666666666667
40 0.4 500 8 1.66666666666667
80 0.4 500 8 1.66666666666667
160 0.4 500 8 1.66666666666667
320 0.4 500 8 1.66666666666667
20 0.025 1000 8 1.66666666666667
40 0.025 1000 8 1.66666666666667
80 0.025 1000 8 1.66666666666667
160 0.025 1000 8 1.66666666666667
320 0.025 1000 8 1.66666666666667
20 0.05 1000 8 1.66666666666667
40 0.05 1000 8 1.66666666666667
80 0.05 1000 8 1.66666666666667
160 0.05 1000 8 1.66666666666667
320 0.05 1000 8 1.66666666666667
20 0.1 1000 8 1.66666666666667
40 0.1 1000 8 1.66666666666667
80 0.1 1000 8 1.66666666666667
160 0.1 1000 8 1.66666666666667
320 0.1 1000 8 1.66666666666667
20 0.2 1000 8 1.66666666666667
40 0.2 1000 8 1.66666666666667
80 0.2 1000 8 1.66666666666667
160 0.2 1000 8 1.66666666666667
320 0.2 1000 8 1.66666666666667
20 0.4 1000 8 1.66666666666667
40 0.4 1000 8 1.66666666666667
80 0.4 1000 8 1.66666666666667
160 0.4 1000 8 1.66666666666667
320 0.4 1000 8 1.66666666666667
20 0.025 2000 8 1.66666666666667
40 0.025 2000 8 1.66666666666667
80 0.025 2000 8 1.66666666666667
160 0.025 2000 8 1.66666666666667
320 0.025 2000 8 1.66666666666667
20 0.05 2000 8 1.66666666666667
40 0.05 2000 8 1.66666666666667
80 0.05 2000 8 1.66666666666667
160 0.05 2000 8 1.66666666666667
320 0.05 2000 8 1.66666666666667
20 0.1 2000 8 1.66666666666667
40 0.1 2000 8 1.66666666666667
80 0.1 2000 8 1.66666666666667
160 0.1 2000 8 1.66666666666667
320 0.1 2000 8 1.66666666666667
20 0.2 2000 8 1.66666666666667
40 0.2 2000 8 1.66666666666667
80 0.2 2000 8 1.66666666666667
160 0.2 2000 8 1.66666666666667
320 0.2 2000 8 1.66666666666667
20 0.4 2000 8 1.66666666666667
40 0.4 2000 8 1.66666666666667
80 0.4 2000 8 1.66666666666667
160 0.4 2000 8 1.66666666666667
320 0.4 2000 8 1.66666666666667
20 0.025 4000 8 1.66666666666667
40 0.025 4000 8 1.66666666666667
80 0.025 4000 8 1.66666666666667
160 0.025 4000 8 1.66666666666667
320 0.025 4000 8 1.66666666666667
20 0.05 4000 8 1.66666666666667
40 0.05 4000 8 1.66666666666667
80 0.05 4000 8 1.66666666666667
160 0.05 4000 8 1.66666666666667
320 0.05 4000 8 1.66666666666667
20 0.1 4000 8 1.66666666666667
40 0.1 4000 8 1.66666666666667
80 0.1 4000 8 1.66666666666667
160 0.1 4000 8 1.66666666666667
320 0.1 4000 8 1.66666666666667
20 0.2 4000 8 1.66666666666667
40 0.2 4000 8 1.66666666666667
80 0.2 4000 8 1.66666666666667
160 0.2 4000 8 1.66666666666667
320 0.2 4000 8 1.66666666666667
20 0.4 4000 8 1.66666666666667
40 0.4 4000 8 1.66666666666667
80 0.4 4000 8 1.66666666666667
160 0.4 4000 8 1.66666666666667
320 0.4 4000 8 1.66666666666667
20 0.025 250 0 2
40 0.025 250 0 2
80 0.025 250 0 2
160 0.025 250 0 2
320 0.025 250 0 2
20 0.05 250 0 2
40 0.05 250 0 2
80 0.05 250 0 2
160 0.05 250 0 2
320 0.05 250 0 2
20 0.1 250 0 2
40 0.1 250 0 2
80 0.1 250 0 2
160 0.1 250 0 2
320 0.1 250 0 2
20 0.2 250 0 2
40 0.2 250 0 2
80 0.2 250 0 2
160 0.2 250 0 2
320 0.2 250 0 2
20 0.4 250 0 2
40 0.4 250 0 2
80 0.4 250 0 2
160 0.4 250 0 2
320 0.4 250 0 2
20 0.025 500 0 2
40 0.025 500 0 2
80 0.025 500 0 2
160 0.025 500 0 2
320 0.025 500 0 2
20 0.05 500 0 2
40 0.05 500 0 2
80 0.05 500 0 2
160 0.05 500 0 2
320 0.05 500 0 2
20 0.1 500 0 2
40 0.1 500 0 2
80 0.1 500 0 2
160 0.1 500 0 2
320 0.1 500 0 2
20 0.2 500 0 2
40 0.2 500 0 2
80 0.2 500 0 2
160 0.2 500 0 2
320 0.2 500 0 2
20 0.4 500 0 2
40 0.4 500 0 2
80 0.4 500 0 2
160 0.4 500 0 2
320 0.4 500 0 2
20 0.025 1000 0 2
40 0.025 1000 0 2
80 0.025 1000 0 2
160 0.025 1000 0 2
320 0.025 1000 0 2
20 0.05 1000 0 2
40 0.05 1000 0 2
80 0.05 1000 0 2
160 0.05 1000 0 2
320 0.05 1000 0 2
20 0.1 1000 0 2
40 0.1 1000 0 2
80 0.1 1000 0 2
160 0.1 1000 0 2
320 0.1 1000 0 2
20 0.2 1000 0 2
40 0.2 1000 0 2
80 0.2 1000 0 2
160 0.2 1000 0 2
320 0.2 1000 0 2
20 0.4 1000 0 2
40 0.4 1000 0 2
80 0.4 1000 0 2
160 0.4 1000 0 2
320 0.4 1000 0 2
20 0.025 2000 0 2
40 0.025 2000 0 2
80 0.025 2000 0 2
160 0.025 2000 0 2
320 0.025 2000 0 2
20 0.05 2000 0 2
40 0.05 2000 0 2
80 0.05 2000 0 2
160 0.05 2000 0 2
320 0.05 2000 0 2
20 0.1 2000 0 2
40 0.1 2000 0 2
80 0.1 2000 0 2
160 0.1 2000 0 2
320 0.1 2000 0 2
20 0.2 2000 0 2
40 0.2 2000 0 2
80 0.2 2000 0 2
160 0.2 2000 0 2
320 0.2 2000 0 2
20 0.4 2000 0 2
40 0.4 2000 0 2
80 0.4 2000 0 2
160 0.4 2000 0 2
320 0.4 2000 0 2
20 0.025 4000 0 2
40 0.025 4000 0 2
80 0.025 4000 0 2
160 0.025 4000 0 2
320 0.025 4000 0 2
20 0.05 4000 0 2
40 0.05 4000 0 2
80 0.05 4000 0 2
160 0.05 4000 0 2
320 0.05 4000 0 2
20 0.1 4000 0 2
40 0.1 4000 0 2
80 0.1 4000 0 2
160 0.1 4000 0 2
320 0.1 4000 0 2
20 0.2 4000 0 2
40 0.2 4000 0 2
80 0.2 4000 0 2
160 0.2 4000 0 2
320 0.2 4000 0 2
20 0.4 4000 0 2
40 0.4 4000 0 2
80 0.4 4000 0 2
160 0.4 4000 0 2
320 0.4 4000 0 2
20 0.025 250 1 2
40 0.025 250 1 2
80 0.025 250 1 2
160 0.025 250 1 2
320 0.025 250 1 2
20 0.05 250 1 2
40 0.05 250 1 2
80 0.05 250 1 2
160 0.05 250 1 2
320 0.05 250 1 2
20 0.1 250 1 2
40 0.1 250 1 2
80 0.1 250 1 2
160 0.1 250 1 2
320 0.1 250 1 2
20 0.2 250 1 2
40 0.2 250 1 2
80 0.2 250 1 2
160 0.2 250 1 2
320 0.2 250 1 2
20 0.4 250 1 2
40 0.4 250 1 2
80 0.4 250 1 2
160 0.4 250 1 2
320 0.4 250 1 2
20 0.025 500 1 2
40 0.025 500 1 2
80 0.025 500 1 2
160 0.025 500 1 2
320 0.025 500 1 2
20 0.05 500 1 2
40 0.05 500 1 2
80 0.05 500 1 2
160 0.05 500 1 2
320 0.05 500 1 2
20 0.1 500 1 2
40 0.1 500 1 2
80 0.1 500 1 2
160 0.1 500 1 2
320 0.1 500 1 2
20 0.2 500 1 2
40 0.2 500 1 2
80 0.2 500 1 2
160 0.2 500 1 2
320 0.2 500 1 2
20 0.4 500 1 2
40 0.4 500 1 2
80 0.4 500 1 2
160 0.4 500 1 2
320 0.4 500 1 2
20 0.025 1000 1 2
40 0.025 1000 1 2
80 0.025 1000 1 2
160 0.025 1000 1 2
320 0.025 1000 1 2
20 0.05 1000 1 2
40 0.05 1000 1 2
80 0.05 1000 1 2
160 0.05 1000 1 2
320 0.05 1000 1 2
20 0.1 1000 1 2
40 0.1 1000 1 2
80 0.1 1000 1 2
160 0.1 1000 1 2
320 0.1 1000 1 2
20 0.2 1000 1 2
40 0.2 1000 1 2
80 0.2 1000 1 2
160 0.2 1000 1 2
320 0.2 1000 1 2
20 0.4 1000 1 2
40 0.4 1000 1 2
80 0.4 1000 1 2
160 0.4 1000 1 2
320 0.4 1000 1 2
20 0.025 2000 1 2
40 0.025 2000 1 2
80 0.025 2000 1 2
160 0.025 2000 1 2
320 0.025 2000 1 2
20 0.05 2000 1 2
40 0.05 2000 1 2
80 0.05 2000 1 2
160 0.05 2000 1 2
320 0.05 2000 1 2
20 0.1 2000 1 2
40 0.1 2000 1 2
80 0.1 2000 1 2
160 0.1 2000 1 2
320 0.1 2000 1 2
20 0.2 2000 1 2
40 0.2 2000 1 2
80 0.2 2000 1 2
160 0.2 2000 1 2
320 0.2 2000 1 2
20 0.4 2000 1 2
40 0.4 2000 1 2
80 0.4 2000 1 2
160 0.4 2000 1 2
320 0.4 2000 1 2
20 0.025 4000 1 2
40 0.025 4000 1 2
80 0.025 4000 1 2
160 0.025 4000 1 2
320 0.025 4000 1 2
20 0.05 4000 1 2
40 0.05 4000 1 2
80 0.05 4000 1 2
160 0.05 4000 1 2
320 0.05 4000 1 2
20 0.1 4000 1 2
40 0.1 4000 1 2
80 0.1 4000 1 2
160 0.1 4000 1 2
320 0.1 4000 1 2
20 0.2 4000 1 2
40 0.2 4000 1 2
80 0.2 4000 1 2
160 0.2 4000 1 2
320 0.2 4000 1 2
20 0.4 4000 1 2
40 0.4 4000 1 2
80 0.4 4000 1 2
160 0.4 4000 1 2
320 0.4 4000 1 2
20 0.025 250 2 2
40 0.025 250 2 2
80 0.025 250 2 2
160 0.025 250 2 2
320 0.025 250 2 2
20 0.05 250 2 2
40 0.05 250 2 2
80 0.05 250 2 2
160 0.05 250 2 2
320 0.05 250 2 2
20 0.1 250 2 2
40 0.1 250 2 2
80 0.1 250 2 2
160 0.1 250 2 2
320 0.1 250 2 2
20 0.2 250 2 2
40 0.2 250 2 2
80 0.2 250 2 2
160 0.2 250 2 2
320 0.2 250 2 2
20 0.4 250 2 2
40 0.4 250 2 2
80 0.4 250 2 2
160 0.4 250 2 2
320 0.4 250 2 2
20 0.025 500 2 2
40 0.025 500 2 2
80 0.025 500 2 2
160 0.025 500 2 2
320 0.025 500 2 2
20 0.05 500 2 2
40 0.05 500 2 2
80 0.05 500 2 2
160 0.05 500 2 2
320 0.05 500 2 2
20 0.1 500 2 2
40 0.1 500 2 2
80 0.1 500 2 2
160 0.1 500 2 2
320 0.1 500 2 2
20 0.2 500 2 2
40 0.2 500 2 2
80 0.2 500 2 2
160 0.2 500 2 2
320 0.2 500 2 2
20 0.4 500 2 2
40 0.4 500 2 2
80 0.4 500 2 2
160 0.4 500 2 2
320 0.4 500 2 2
20 0.025 1000 2 2
40 0.025 1000 2 2
80 0.025 1000 2 2
160 0.025 1000 2 2
320 0.025 1000 2 2
20 0.05 1000 2 2
40 0.05 1000 2 2
80 0.05 1000 2 2
160 0.05 1000 2 2
320 0.05 1000 2 2
20 0.1 1000 2 2
40 0.1 1000 2 2
80 0.1 1000 2 2
160 0.1 1000 2 2
320 0.1 1000 2 2
20 0.2 1000 2 2
40 0.2 1000 2 2
80 0.2 1000 2 2
160 0.2 1000 2 2
320 0.2 1000 2 2
20 0.4 1000 2 2
40 0.4 1000 2 2
80 0.4 1000 2 2
160 0.4 1000 2 2
320 0.4 1000 2 2
20 0.025 2000 2 2
40 0.025 2000 2 2
80 0.025 2000 2 2
160 0.025 2000 2 2
320 0.025 2000 2 2
20 0.05 2000 2 2
40 0.05 2000 2 2
80 0.05 2000 2 2
160 0.05 2000 2 2
320 0.05 2000 2 2
20 0.1 2000 2 2
40 0.1 2000 2 2
80 0.1 2000 2 2
160 0.1 2000 2 2
320 0.1 2000 2 2
20 0.2 2000 2 2
40 0.2 2000 2 2
80 0.2 2000 2 2
160 0.2 2000 2 2
320 0.2 2000 2 2
20 0.4 2000 2 2
40 0.4 2000 2 2
80 0.4 2000 2 2
160 0.4 2000 2 2
320 0.4 2000 2 2
20 0.025 4000 2 2
40 0.025 4000 2 2
80 0.025 4000 2 2
160 0.025 4000 2 2
320 0.025 4000 2 2
20 0.05 4000 2 2
40 0.05 4000 2 2
80 0.05 4000 2 2
160 0.05 4000 2 2
320 0.05 4000 2 2
20 0.1 4000 2 2
40 0.1 4000 2 2
80 0.1 4000 2 2
160 0.1 4000 2 2
320 0.1 4000 2 2
20 0.2 4000 2 2
40 0.2 4000 2 2
80 0.2 4000 2 2
160 0.2 4000 2 2
320 0.2 4000 2 2
20 0.4 4000 2 2
40 0.4 4000 2 2
80 0.4 4000 2 2
160 0.4 4000 2 2
320 0.4 4000 2 2
20 0.025 250 4 2
40 0.025 250 4 2
80 0.025 250 4 2
160 0.025 250 4 2
320 0.025 250 4 2
20 0.05 250 4 2
40 0.05 250 4 2
80 0.05 250 4 2
160 0.05 250 4 2
320 0.05 250 4 2
20 0.1 250 4 2
40 0.1 250 4 2
80 0.1 250 4 2
160 0.1 250 4 2
320 0.1 250 4 2
20 0.2 250 4 2
40 0.2 250 4 2
80 0.2 250 4 2
160 0.2 250 4 2
320 0.2 250 4 2
20 0.4 250 4 2
40 0.4 250 4 2
80 0.4 250 4 2
160 0.4 250 4 2
320 0.4 250 4 2
20 0.025 500 4 2
40 0.025 500 4 2
80 0.025 500 4 2
160 0.025 500 4 2
320 0.025 500 4 2
20 0.05 500 4 2
40 0.05 500 4 2
80 0.05 500 4 2
160 0.05 500 4 2
320 0.05 500 4 2
20 0.1 500 4 2
40 0.1 500 4 2
80 0.1 500 4 2
160 0.1 500 4 2
320 0.1 500 4 2
20 0.2 500 4 2
40 0.2 500 4 2
80 0.2 500 4 2
160 0.2 500 4 2
320 0.2 500 4 2
20 0.4 500 4 2
40 0.4 500 4 2
80 0.4 500 4 2
160 0.4 500 4 2
320 0.4 500 4 2
20 0.025 1000 4 2
40 0.025 1000 4 2
80 0.025 1000 4 2
160 0.025 1000 4 2
320 0.025 1000 4 2
20 0.05 1000 4 2
40 0.05 1000 4 2
80 0.05 1000 4 2
160 0.05 1000 4 2
320 0.05 1000 4 2
20 0.1 1000 4 2
40 0.1 1000 4 2
80 0.1 1000 4 2
160 0.1 1000 4 2
320 0.1 1000 4 2
20 0.2 1000 4 2
40 0.2 1000 4 2
80 0.2 1000 4 2
160 0.2 1000 4 2
320 0.2 1000 4 2
20 0.4 1000 4 2
40 0.4 1000 4 2
80 0.4 1000 4 2
160 0.4 1000 4 2
320 0.4 1000 4 2
20 0.025 2000 4 2
40 0.025 2000 4 2
80 0.025 2000 4 2
160 0.025 2000 4 2
320 0.025 2000 4 2
20 0.05 2000 4 2
40 0.05 2000 4 2
80 0.05 2000 4 2
160 0.05 2000 4 2
320 0.05 2000 4 2
20 0.1 2000 4 2
40 0.1 2000 4 2
80 0.1 2000 4 2
160 0.1 2000 4 2
320 0.1 2000 4 2
20 0.2 2000 4 2
40 0.2 2000 4 2
80 0.2 2000 4 2
160 0.2 2000 4 2
320 0.2 2000 4 2
20 0.4 2000 4 2
40 0.4 2000 4 2
80 0.4 2000 4 2
160 0.4 2000 4 2
320 0.4 2000 4 2
20 0.025 4000 4 2
40 0.025 4000 4 2
80 0.025 4000 4 2
160 0.025 4000 4 2
320 0.025 4000 4 2
20 0.05 4000 4 2
40 0.05 4000 4 2
80 0.05 4000 4 2
160 0.05 4000 4 2
320 0.05 4000 4 2
20 0.1 4000 4 2
40 0.1 4000 4 2
80 0.1 4000 4 2
160 0.1 4000 4 2
320 0.1 4000 4 2
20 0.2 4000 4 2
40 0.2 4000 4 2
80 0.2 4000 4 2
160 0.2 4000 4 2
320 0.2 4000 4 2
20 0.4 4000 4 2
40 0.4 4000 4 2
80 0.4 4000 4 2
160 0.4 4000 4 2
320 0.4 4000 4 2
20 0.025 250 8 2
40 0.025 250 8 2
80 0.025 250 8 2
160 0.025 250 8 2
320 0.025 250 8 2
20 0.05 250 8 2
40 0.05 250 8 2
80 0.05 250 8 2
160 0.05 250 8 2
320 0.05 250 8 2
20 0.1 250 8 2
40 0.1 250 8 2
80 0.1 250 8 2
160 0.1 250 8 2
320 0.1 250 8 2
20 0.2 250 8 2
40 0.2 250 8 2
80 0.2 250 8 2
160 0.2 250 8 2
320 0.2 250 8 2
20 0.4 250 8 2
40 0.4 250 8 2
80 0.4 250 8 2
160 0.4 250 8 2
320 0.4 250 8 2
20 0.025 500 8 2
40 0.025 500 8 2
80 0.025 500 8 2
160 0.025 500 8 2
320 0.025 500 8 2
20 0.05 500 8 2
40 0.05 500 8 2
80 0.05 500 8 2
160 0.05 500 8 2
320 0.05 500 8 2
20 0.1 500 8 2
40 0.1 500 8 2
80 0.1 500 8 2
160 0.1 500 8 2
320 0.1 500 8 2
20 0.2 500 8 2
40 0.2 500 8 2
80 0.2 500 8 2
160 0.2 500 8 2
320 0.2 500 8 2
20 0.4 500 8 2
40 0.4 500 8 2
80 0.4 500 8 2
160 0.4 500 8 2
320 0.4 500 8 2
20 0.025 1000 8 2
40 0.025 1000 8 2
80 0.025 1000 8 2
160 0.025 1000 8 2
320 0.025 1000 8 2
20 0.05 1000 8 2
40 0.05 1000 8 2
80 0.05 1000 8 2
160 0.05 1000 8 2
320 0.05 1000 8 2
20 0.1 1000 8 2
40 0.1 1000 8 2
80 0.1 1000 8 2
160 0.1 1000 8 2
320 0.1 1000 8 2
20 0.2 1000 8 2
40 0.2 1000 8 2
80 0.2 1000 8 2
160 0.2 1000 8 2
320 0.2 1000 8 2
20 0.4 1000 8 2
40 0.4 1000 8 2
80 0.4 1000 8 2
160 0.4 1000 8 2
320 0.4 1000 8 2
20 0.025 2000 8 2
40 0.025 2000 8 2
80 0.025 2000 8 2
160 0.025 2000 8 2
320 0.025 2000 8 2
20 0.05 2000 8 2
40 0.05 2000 8 2
80 0.05 2000 8 2
160 0.05 2000 8 2
320 0.05 2000 8 2
20 0.1 2000 8 2
40 0.1 2000 8 2
80 0.1 2000 8 2
160 0.1 2000 8 2
320 0.1 2000 8 2
20 0.2 2000 8 2
40 0.2 2000 8 2
80 0.2 2000 8 2
160 0.2 2000 8 2
320 0.2 2000 8 2
20 0.4 2000 8 2
40 0.4 2000 8 2
80 0.4 2000 8 2
160 0.4 2000 8 2
320 0.4 2000 8 2
20 0.025 4000 8 2
40 0.025 4000 8 2
80 0.025 4000 8 2
160 0.025 4000 8 2
320 0.025 4000 8 2
20 0.05 4000 8 2
40 0.05 4000 8 2
80 0.05 4000 8 2
160 0.05 4000 8 2
320 0.05 4000 8 2
20 0.1 4000 8 2
40 0.1 4000 8 2
80 0.1 4000 8 2
160 0.1 4000 8 2
320 0.1 4000 8 2
20 0.2 4000 8 2
40 0.2 4000 8 2
80 0.2 4000 8 2
160 0.2 4000 8 2
320 0.2 4000 8 2
20 0.4 4000 8 2
40 0.4 4000 8 2
80 0.4 4000 8 2
160 0.4 4000 8 2
320 0.4 4000 8 2
